# Fix print output for fix def1
0.00100000000000001 0.270892205816089 0.221312897382194 0.298463688981382 622.632887121242 600
0.00200000000000002 0.296287221958006 0.246446559440375 0.330230563865444 596.955724513038 600
0.00300000000000003 0.320523884976143 0.271788715309639 0.371544747922502 583.066669188112 600
0.00400000000000003 0.348563198670372 0.301388596843124 0.429171336335486 577.467481839583 600
0.00500000000000004 0.381638654905189 0.338115599627922 0.515109442649469 590.516649235251 600
0.00600000000000005 0.444605166812733 0.405631795440667 0.679226194812342 613.89062227416 600
0.00700000000000006 0.616010314067407 0.583824092211245 1.0713389601877 617.132738736557 600
0.00800000000000007 1.12331535613235 1.10984456258169 2.22908006150369 616.262001734305 600
0.00900000000000008 2.6718727157572 2.70057949057021 5.76618700471302 588.518641050203 600
0.0100000000000001 67.7214913984096 69.6185307568352 154.972997066588 580.031288365932 600
0.0109999999999999 6076.42154729012 5780.81578431485 12655.0672551719 0 600
0.0119999999999999 0.329055035136455 0.674994117659224 1.15400799581082 597.211795728361 600
0.0129999999999999 0.233459677463776 0.729388260506718 1.19160120847156 587.619286604769 600
0.0139999999999999 0.133529749729824 0.801571375247176 1.25426304436045 576.706692392868 600
0.015 0.0509215564826125 0.784624864710406 1.38374058537604 596.605136682276 600
0.016 0.164696578179968 0.923853234912399 1.6212787965656 611.822094382015 600
0.017 0.273674672129168 1.0223771933159 1.88729114498812 628.130164077142 600
0.018 0.73817154754681 1.48780955102288 2.73267486374885 617.842279407483 600
0.019 43241.5646730669 50265.6173623816 88011.4719448641 867.631194849243 600
0.02 1.08681803331069 1.2182308410695 2.0248467507642 593.3458614342 600
0.021 1.14247871520124 1.30831490384621 2.20073766255296 614.779749691562 600
0.022 1.50058596215878 1.78022752649747 3.00385276011134 607.241754063235 600
0.023 2.13222083194353 2.59258763291827 4.43313570166909 602.793519601174 600
0.024 49.0960299212103 52.4493991893778 106.426862290405 580.067959432461 600
0.025 0.0872093164419153 0.475134183813938 0.954951573748883 618.568791290688 600
0.026 0.265925734987374 0.531032402922346 1.25810438887206 620.060018454677 600
0.0270000000000001 0.338763447508136 0.659218774088685 1.44684830440469 598.177290526449 600
0.0280000000000001 21.6683498702028 25.155154297414 45.0434852294194 588.738433727532 600
0.0290000000000001 6.16454869683418 7.47649249876988 13.5824240211344 587.154260310112 600
0.0300000000000001 3.64020725489789 4.66585229421821 7.73517485998279 590.074311952115 600
0.0309999999999999 0.306793576777664 0.25554608168742 0.458970256698315 576.673637600615 600
0.0319999999999999 24327.9899610415 27396.1369331657 49771.2884737637 1002.6390292114 600
0.0329999999999999 1.54139667413303 1.89209839587249 3.02491202181666 625.750179056209 600
0.0339999999999999 2.55371644948642 3.03567359932205 5.13149456976175 613.403680480748 600
0.0349999999999999 1.77295158198001 2.01373299825694 3.58929548789752 626.630642903139 600
0.0359999999999999 1.36456469200376 1.48764474528494 2.68767917149209 620.581930908476 600
0.037 126876.096031793 156016.590552309 293116.492656712 0 600
0.038 -0.0292046641980945 0.21554267007688 0.0486100078025487 606.139496145408 600
0.039 -0.00497947655626656 0.250996345222717 0.0758121784378653 581.664968362562 600
0.04 0.0266900442006619 0.272798834262687 0.117233218136214 579.497578479709 600
0.041 0.413584655856998 0.587997165739601 1.00911072117985 571.797988141464 600
0.042 0.413171708636341 0.490274311482505 0.814912750418835 602.73998639119 600
0.043 0.725709608651896 0.889863331097038 1.47215676241383 623.770570423966 600
0.044 0.389135118964347 0.41476961743302 0.180793970830852 581.359772421629 600
0.045 0.431228451518648 0.470336486510617 0.255144752221561 574.334397565057 600
0.046 0.463195868338558 0.493584003761953 0.304260141604584 594.148156268363 600
0.047 0.496893619567244 0.504034553963345 0.347477319621926 609.800869690048 600
0.0480000000000001 0.528892420808871 0.503767092729844 0.391533272942625 612.576579438543 600
0.0490000000000001 0.526671161722583 0.482269433908606 0.412445245660473 623.119051502434 600
0.0500000000000001 0.47985858299991 0.460394499211342 0.41723392798848 603.047957439549 600
0.0510000000000001 0.428663617464214 0.420238193321093 0.397778626095777 588.232101333033 600
0.0520000000000001 0.539057275444253 0.402049767296716 0.454756723373302 569.899148802124 600
0.0529999999999999 0.68547646306863 0.395195865534912 0.507047676626232 587.324496204673 600
0.0539999999999999 0.61211523548047 0.44085749643493 0.556989981637983 608.397126094046 600
0.0549999999999999 0.426670732899175 0.485383670094187 0.616069540586696 611.367572769968 600
0.0559999999999999 0.491239187003074 0.516992397295038 0.684385321289582 622.759541432813 600
0.057 0.592023384180937 0.586126311742211 0.794670314746138 600.538901176893 600
0.058 0.674480776302956 0.670189971590136 0.904829104037216 586.188312096543 600
0.059 6.60721323945469 8.25255446655158 15.835397126245 570.811050714193 600
0.06 0.637250425039097 0.763201254917118 1.05303216580709 583.418650377256 600
0.061 4.49374730535433 6.05565100406131 11.4577937814361 616.871090118878 600
0.062 32.0277404316118 41.9749652719246 78.4716243497509 587.817707577156 600
0.063 0.47524829235043 1.05102141991803 1.25086515766583 581.318983242789 600
0.064 0.527818996320325 0.85259667623181 1.26575625813053 600.595035265972 600
0.065 0.546912960929188 0.917195271831275 1.31816721344174 616.846871096847 600
0.066 0.572930178086852 0.958983805346283 1.3769986947068 626.239870576737 600
0.067 0.626867583966407 1.00231347151751 1.45777103165462 600.512005692426 600
0.068 0.683110236597247 1.03483290688993 1.53009143373327 591.916807739019 600
0.0690000000000001 0.732802979669788 1.07245387575819 1.60097934737299 585.12942881816 600
0.0700000000000001 0.794968763296519 1.11193393797184 1.66971612810045 581.286095201489 600
0.0710000000000001 0.823407745465253 1.13945212547837 1.72081262187356 607.479018918683 600
0.0719999999999999 0.8182951888014 1.16051494017757 1.77989538070967 618.324988897614 600
0.0729999999999999 0.734617345951199 1.16066635986472 1.83820102693737 625.936108050354 600
0.0739999999999999 0.706513036906515 1.19215587296873 1.91660954928542 610.169697618409 600
0.0749999999999999 0.755644735551822 1.25907003803806 2.00894489292597 585.741504236147 600
0.0759999999999999 0.798658129906024 1.31478019155901 2.09439887747399 589.224211614039 600
0.0769999999999999 0.849781676750022 1.34616971225983 2.19984922948898 589.523674872333 600
0.078 0.885610749699363 1.41275633171078 2.28995670376662 617.316507312794 600
0.079 0.953518409661201 1.48574572637926 2.40792695005621 621.198506663949 600
0.08 1.03985191459944 1.56803848807584 2.54003734970807 614.681966935343 600
0.081 1.1537498410386 1.66168041608829 2.73466131495958 594.739082568816 600
0.082 1.26549952044336 1.76890415948792 2.89373979177888 580.826948178147 600
0.083 1.36241253862534 1.86831552075797 3.06252569250639 590.454020087801 600
0.084 1.46276374731551 1.97367893116807 3.23202200042494 602.382993347719 600
0.085 1.57104391039918 2.08855013150191 3.40595410237905 612.758762192584 600
0.086 1.68637881602127 2.21328572908562 3.59405518722738 623.7038634979 600
0.087 1.82978216774297 2.36081572359315 3.82951781842882 612.545553783909 600
0.088 1.99530937687848 2.53166128865149 4.0841722090851 593.36966992987 600
0.0890000000000001 2.16495022411028 2.71130069319659 4.39419560945822 585.827836533891 600
0.0900000000000001 2.35409428462861 2.90449486196647 4.74714151209569 576.693616393481 600
0.0910000000000001 2.53662097740874 3.13906554596258 5.13405064437282 595.667934191891 600
0.0920000000000001 2.75437384663387 3.37903519942009 5.58225668217923 614.324344062159 600
0.0930000000000001 3.01551693188829 3.65019365427515 6.10432848862792 627.874857485977 600
0.0940000000000001 3.35349818575511 3.98505878836097 6.73482924876824 613.783657853812 600
0.0949999999999999 3.77004202781088 4.38308065709826 7.49100627325261 593.343505785775 600
0.0959999999999999 4.28978317558636 4.86627038470662 8.43705890797171 587.672962317124 600
0.0969999999999999 18.350796138575 23.9757357049258 34.4426323354715 580.528987515203 600
0.0979999999999999 5.89395013749807 6.26071223506016 11.33998129638 613.037527377766 600
0.099 7.30883409066653 7.4289509504113 13.8651442457337 620.888030418479 600
0.1 9.25606049283668 8.94783821948187 17.2698594088803 617.441554243626 600
0.101 13.2869034055901 12.0882507484706 24.3084389634985 594.718790682511 600
0.102 10.8191917869742 9.06252535941969 18.9186213035905 580.582155182731 600
0.103 31.1310649401651 25.7525398597833 55.4314913122129 585.181943410166 600
0.104 25.9618750996549 20.5408463007876 45.6160355236805 608.556747813253 600
0.105 9.9982748686318 9.22395626812507 18.1973460428682 596.55687736229 600
0.106 8.7029228500479 8.82836538768432 15.2804246753474 599.395016496577 600
0.107 3.49889814766118 4.2247628864252 6.79358870224409 620.812752509788 600
0.108 3.3132986612149 4.16182451172864 6.45716529167234 610.673413932532 600
0.109 3.26980771195206 4.17795636130744 6.34278595890293 604.359834302781 600
0.11 3.27228975026122 4.24992469030892 6.3551596082902 580.282203086309 600
0.111 3.24379380064961 4.29996998681539 6.3718710231288 579.865025595319 600
0.112 3.2416896947178 4.30783576414448 6.33843145096372 583.046575064798 600
0.113 3.15513023572715 4.23861000791261 6.21372354765221 612.010952160877 600
0.114 4.92423517720964 6.2488616233181 9.51345426630638 617.703189273801 600
0.115 2.92691409364975 4.00726903626536 5.80039481897221 611.09531356997 600
0.116 2.61681850973079 3.51236022441103 5.08785066506608 596.525128935695 600
0.117 2.01061489240491 2.67850456807506 3.86436247277126 577.469433274575 600
0.118 1.6225962190996 2.09016672852782 3.07349728881733 592.479024464066 600
0.119 1.48054275318148 1.73575621209287 2.68855158480681 606.065280933876 600
0.12 1.88869082467659 1.85102499632547 3.15583404529516 627.429675156939 600
0.121 2785.50978464392 3494.04469864789 4288.28409225306 676.77556369406 600
0.122 6.00102676821634 8.18125481238053 10.9048853511392 582.498567348026 600
0.123 0.839688090961411 1.6008003518269 1.91599611218811 593.651447926351 600
0.124 0.536345058904564 1.1326978851608 1.40329429256988 623.22107772164 600
0.125 0.403330244320875 0.911249249045702 1.14623891626124 620.904371389835 600
0.126 0.33673303716237 0.780844107295382 0.992269478797185 603.236869818183 600
0.127 0.278097077814672 0.587727052439178 0.861473674376901 591.169658006428 600
0.128 0.296634043016518 0.51442455397257 0.849708725962402 572.952086265293 600
0.129 0.545112773829178 0.748978946775989 1.26775066034066 588.512370435368 600
0.13 0.590096611963699 1.37499164848166 1.53699665044952 613.778924351599 600
0.131 0.221410468770159 0.788235059993514 0.750576455483749 585.789590384569 600
0.132 0.177470216403434 0.680362102923479 0.609280073570101 580.242294010008 600
0.133 0.16286195988451 0.626986732908329 0.540748513299193 588.843175192819 600
0.134 0.147403320976674 0.583443004127136 0.489226661284156 617.282175754499 600
0.135 0.163498291950128 0.568104207116547 0.47024213708077 621.255257900604 600
0.136 0.200389021219417 0.567653107191993 0.473302901313604 611.433515897175 600
0.137 0.247137645319877 0.576737747210867 0.495348126999476 601.99414602551 600
0.138 0.318991410972005 0.604335448532956 0.551511771609386 578.500418895227 600
0.139 0.392491372117807 0.633271600273471 0.638009810030772 579.964607290404 600
0.14 0.507377819289113 0.686817008068989 0.813758563015017 591.023701387151 600
0.141 0.780585492579932 0.843017452524448 1.29548348092262 617.057230113643 600
0.142 2.81120840042081 2.25606469079853 4.44074251650032 623.059981251125 600
0.143 115.145522207922 86.3672532234274 175.944236089507 603.8035608235 600
0.144 1.41761869156111 1.55230143252585 2.54338696950206 593.892060698978 600
0.145 0.202697080676963 0.675273837792008 0.665618963495505 572.646591530284 600
0.146 0.0109809786399776 0.51600642117099 0.368348712177915 579.483049969971 600
0.147 -0.0306804590621747 0.45058354671922 0.292527228164718 602.880017864083 600
0.148 -0.0361503765986591 0.41328509564124 0.24678718125505 616.230682935749 600
0.149 -0.0609660045586671 0.385621362287611 0.189933159454963 627.129416764805 600
0.15 -0.0525271556362284 0.382399310859598 0.162420765459509 601.125852842361 600
0.151 -0.0392441179742666 0.377896314832822 0.144757789018995 584.787485642582 600
0.152 0.010775847914347 0.363261078404223 0.146025912805598 576.218291914068 600
0.153 -0.0861244789639532 0.424176019754995 0.275121094187445 594.522171555796 600
0.154 -0.0721836531416927 0.439113403146501 0.159657145641099 613.55269156347 600
0.155 -0.00389715339435374 0.441867568307958 0.135863522464727 617.929062180003 600
0.156 0.154582911542689 0.410462415284702 0.145505094575088 615.566461209617 600
0.157 0.04357118604931 0.485892623992963 0.12234356466175 594.117354116658 600
0.158 0.0310629152679399 0.511889845707488 0.114549448282044 582.013873058207 600
0.159 0.0218319881393989 0.515061400016882 0.104912354544628 580.047544047423 600
0.16 -0.0416565178097392 0.506475658865333 0.0799511971022841 600.758618557615 600
0.161 -0.0942332886119318 0.497673129449826 0.0587997375424623 615.342158979908 600
0.162 -0.110314332571089 0.493863928110621 0.0498352698757565 612.595533157104 600
0.163 -0.114201957054499 0.49092523330269 0.0468827575200969 605.996669816889 600
0.164 -0.0936583069835535 0.492049231518908 0.0547230061476439 580.679381663273 600
0.165 -0.106764524141363 0.483518401290874 0.0558207118731518 579.869323412094 600
0.166 -0.142117524211475 0.468238862775058 0.0540698985007588 589.405889779006 600
0.167 -0.228100441207835 0.448230473971734 0.0391610411112431 614.860876210455 600
0.168 -0.334383726398211 0.435200366288345 0.0102853409622644 618.113764024389 600
0.169 -0.386162637515487 0.409280668510784 -0.0189750873624532 612.024924877568 600
0.17 -0.385055136905377 0.375329285988735 -0.0261606444517228 603.366261978518 600
0.171 -0.37158972808198 0.349560197984188 -0.0211882738882872 579.340659917434 600
0.172 -0.396902323227762 0.317598422236052 -0.032295155937561 582.882571330079 600
0.173 -0.437594584013478 0.286369787140118 -0.0525857701423708 601.800628106212 600
0.174 -0.479672392398674 0.264709367731389 -0.0712717788643051 626.686907828516 600
0.175 -0.479354933884902 0.268027755583993 -0.0675851670004965 621.490692111305 600
0.176 -0.459872594929452 0.286886174202911 -0.0505480433212771 600.988066489386 600
0.177 -0.45277953646371 0.251818341858121 -0.0772167129467444 587.853280486407 600
0.178 -0.458432466192873 0.148381077792457 -0.178817471490887 579.847200051645 600
0.179 -0.467022135423449 0.128769940405713 -0.178312761388341 599.574851489262 600
0.18 -0.47687481434488 0.125497859222512 -0.178166022263041 626.981576731877 600
0.181 -0.454791581352507 0.141832364059491 -0.17467161656246 618.948730542308 600
0.182 -0.4140192459955 0.160278760313473 -0.169276559621586 597.689817260526 600
0.183 -0.360568859582738 0.166906021093279 -0.184442800845662 572.770175328163 600
0.184 -0.337364263226309 0.156690277606849 -0.216959938423112 580.688164509345 600
0.185 -0.33422803651066 0.131572471571223 -0.257688424191521 602.700780026176 600
0.186 -0.319765355664794 0.115075499342632 -0.296849589382447 615.433574475117 600
0.187 -0.305652537889789 0.101605149012538 -0.336004978902041 626.619372586011 600
0.188 -0.265201936024109 0.107769883726935 -0.354089781413174 605.114676962519 600
0.189 -0.220624198554852 0.112046089488486 -0.35286018836712 586.044323546563 600
0.19 -0.195071232848607 0.120836914104893 -0.364528879117172 572.383728368377 600
0.191 -0.188847698047207 0.123382990863637 -0.384220610280852 580.985332221158 600
0.192 -0.138692551586138 0.168211829764747 -0.36936052250573 601.288795581108 600
0.193 -0.0610886516061463 0.223568828980965 -0.343443139016724 616.409907904273 600
0.194 -0.0503603095118915 0.224875418227459 -0.359943215951639 621.556900694693 600
0.195 -0.0326718538638641 0.235415975459036 -0.3591772505839 605.524913958228 600
0.196 -0.0126390813004646 0.243242858092876 -0.333989554286508 586.26407976195 600
0.197 0.00216510012341247 0.261487358079073 -0.319698487098215 570.385795869271 600
0.198 0.00462509070293567 0.267461167017917 -0.318659683324375 586.464571588224 600
0.199 0.0222570471551355 0.271184136300147 -0.308683914319071 612.873334395881 600
0.2 0.0769287826975784 0.298276787585785 -0.2549301717327 614.568335751596 600
0.201 0.19181215907405 0.391505609805261 -0.118706769799022 608.421066510036 600
0.202 0.953838914808751 1.0634664459643 0.743927723660195 589.026285614387 600
0.203 7.03083412869852 6.09322348848658 7.29706939008716 582.435471866755 600
0.204 0.440461291018579 0.433929440735385 0.137598737425136 572.833114515786 600
0.205 0.249416521117081 0.25994183447798 -0.0684114542815357 582.483135968028 600
0.206 0.205044386030617 0.217155229769917 -0.120584939795438 605.462770329549 600
0.207 0.194381992294962 0.213371605300467 -0.136278264983975 612.261669566264 600
0.208 0.185187396039034 0.218909717916141 -0.14727275045428 623.077478124543 600
0.209 0.189034615167614 0.248858654926665 -0.132901336105443 599.459776656115 600
0.21 0.194822591912514 0.244605756262109 -0.107302387070304 585.536585181169 600
0.211 0.213243575609177 0.293430124160416 -0.0474508447309855 572.546867245419 600
0.212 0.237670338742294 0.425614524610008 -0.0461258088266718 589.581040764321 600
0.213 0.209737883662551 0.351379348388496 -0.0556819115329007 614.194511116586 600
0.214 0.135112724555252 0.336569508559405 -0.102891385960278 616.432624487921 600
0.215 0.172090170914109 0.352201320488326 -0.0823512834986476 617.472227334829 600
0.216 0.212459999751561 0.391161328703563 -0.0569456218223086 593.684587504703 600
0.217 0.212206973807227 0.423391367046246 -0.0463719832277293 581.881475351433 600
0.218 0.168829352652206 0.458809439421112 -0.0504749847705761 576.004312124046 600
0.219 0.11838308632784 0.457267209407239 -0.0830687846018526 596.675899346024 600
0.22 0.0634431305724415 0.426545644225873 -0.143111051656242 615.135713626431 600
0.221 0.0193668963845108 0.413130717082659 -0.17109738160955 616.117896110636 600
0.222 0.0161209062859988 0.429683699780843 -0.194070483589755 613.293401529881 600
0.223 0.030752798247613 0.496086499303711 -0.190366502739197 589.04352783419 600
0.224 0.0358756580532654 0.4984811389017 -0.183058512789176 580.664818213421 600
0.225 0.0334555817585311 0.379637168818887 -0.202553239887232 577.486264535529 600
0.226 0.0324961359445681 0.314169685684993 -0.228323856408178 595.830555595777 600
0.227 0.0196453339387157 0.376430211648928 -0.184078468562223 616.71125094426 600
0.228 0.0280773994909093 0.435256646530365 -0.143918710082933 612.974663030664 600
0.229 0.0668755945406284 0.439516513572525 -0.140835637152783 611.782717104771 600
0.23 0.112175936603131 0.488082388939154 -0.105142112484993 588.467665555809 600
0.231 0.138121044501795 0.544445424037749 -0.0636975384142629 578.391992636967 600
0.232 0.170599997019288 0.616859876822752 -0.00802023060924874 579.427272025711 600
0.233 0.236558154524034 0.711527234162973 0.0781188672777006 597.610979794949 600
0.234 0.328211964088648 0.861005072908397 0.214169123258181 616.53307799057 600
0.235 0.47661814781429 1.12400307685304 0.456397665189915 616.191527915831 600
0.236 0.736573840828328 1.63428553858485 0.790874841765668 611.217927980588 600
0.237 1.33262773237019 2.75028672868804 1.64588990694683 586.54622696407 600
0.238 3.26823031173375 6.34213224644308 4.35070809771554 580.251671414578 600
0.239 43.4363699051037 78.8155836236835 59.3928294701986 594.672031710423 600
0.24 3.27004347034495 5.55700520015143 4.01324819034828 622.513987138309 600
0.241 0.736951327145915 1.34379639652562 0.765944868022454 611.878214726305 600
0.242 0.315977141829155 0.685691940505168 0.259578789084355 595.160478597272 600
0.243 0.198875309154372 0.472311932173265 0.090995182790587 573.378043913782 600
0.244 0.10451843184566 0.340539091195721 -0.00551390213730269 586.449167000584 600
0.245 0.0488508525308358 0.253988086146547 -0.0609705406758181 605.402041766696 600
0.246 0.0132419424490471 0.181989342216282 -0.109082395882406 627.968286941585 600
0.247 0.00397972031505502 0.147223385571402 -0.143363769283145 622.597366356293 600
0.248 0.0130002312786001 0.132862415245475 -0.14581456153158 602.772783383398 600
0.249 0.0184930453226074 0.120522808238347 -0.154819742252461 592.480155417232 600
0.25 0.0278422903388319 0.114582299282315 -0.159696316102285 575.87103936329 600
0.251 0.0208596786059132 0.0904897417497777 -0.179792915411873 587.202844189216 600
0.252 0.0107499203952377 0.0661133033937719 -0.205427715295188 603.575219769876 600
0.253 -0.0054589556399325 0.0284471273231703 -0.234848559335916 630.191701608021 600
0.254 -0.00125737658234922 0.0628050786555596 -0.252063323600069 619.462772850061 600
0.255 0.00731280640003332 0.0978364461899506 -0.2642451861064 598.406801681606 600
0.256 0.00741877143801531 0.133377563426552 -0.273005422164824 590.136334162205 600
0.257 0.0108757569143355 0.174460864224464 -0.272143629757225 573.837466383686 600
0.258 -0.00258112953390916 0.183570577358281 -0.272584748577663 586.549386617846 600
0.259 -0.0180655598877977 0.178259523859342 -0.264124142325334 605.063452290064 600
0.26 -0.0382265349620369 0.158900794346019 -0.248695458755597 629.510806718159 600
0.261 -0.0664568606445095 0.149946183204594 -0.222687698625883 621.566741009642 600
0.262 -0.0647053663269582 0.154181339899547 -0.190442857452409 600.328957966895 600
0.263 -0.0791792891086927 0.144280061105098 -0.166202556893039 592.31064071038 600
0.264 -0.0830316766808518 0.161084008248677 -0.140069795518461 574.092440432938 600
0.265 -0.0978491402720908 0.1188015418193 -0.122178071298666 588.720710856407 600
0.266 -0.109022385284112 0.100436617289951 -0.104816942308472 607.314160408596 600
0.267 -0.126045697040944 0.0774087205000962 -0.0925183756443266 629.463635178167 600
0.268 -0.1291705336889 0.0800726662293309 -0.0786214571192648 621.627689487154 600
0.269 -0.126131873743985 0.0983745136535164 -0.0676218830231197 597.128939092113 600
0.27 -0.135270445182045 0.107813109984319 -0.0662347997320804 587.086294022715 600
0.271 -0.142853656767203 0.121260088377877 -0.0699960002101866 575.598348991001 600
0.272 -0.165408509941248 0.119906916656957 -0.0830398949104412 587.499650498004 600
0.273 -0.189888530274785 0.116177438584633 -0.0988625882611672 607.020049571599 600
0.274 -0.211713693051958 0.108923757975523 -0.113682039079051 630.817050146193 600
0.275 -0.198530845554243 0.148610452600072 -0.114396893887381 618.599507327581 600
0.276 -0.171097673858694 0.178024546053139 -0.111689330400207 593.065361295948 600
0.277 -0.136210910161309 0.219027546209324 -0.103517246029267 571.706841044429 600
0.278 -0.119843453587021 0.247469860327097 -0.09804385333738 579.521152254524 600
0.279 -0.114875695692956 0.270084909954407 -0.0928498363797729 605.403884993716 600
0.28 -0.0954959959241208 0.310237216986364 -0.080119911420997 614.97411098971 600
0.281 -0.0755787932739743 0.351545831339925 -0.0652265176606429 625.835341204968 600
0.282 -0.0479683533078744 0.378813582937451 -0.0517845331048147 607.097213655663 600
0.283 -0.035533833340073 0.384617939611445 -0.0583647094929689 585.23987265912 600
0.284 -0.0498386105241678 0.330142521133296 -0.0768972620521547 572.200881455542 600
0.285 -0.0759944196861905 0.235580391059936 -0.0838097954941961 584.958679248065 600
0.286 -0.112906118609406 0.132758726002042 -0.0892496150598251 605.845678464393 600
0.287 -0.0410762887420943 0.0918464665188188 -0.0741601490861801 612.543854809447 600
0.288 0.123611504768935 0.104092039813915 -0.0394187684917027 619.64020046776 600
0.289 0.148926380903099 0.189025535823341 0.0299920369729539 590.043783579335 600
0.29 0.392746028775736 0.448014326040184 0.23879821450244 579.350194520804 600
0.291 3.06756825108794 2.65843896675551 2.52383284081526 586.01822107109 600
0.292 3.75863030799687 2.95955676920651 2.99125490767737 589.673476801618 600
0.293 0.638567209008436 0.396193288799073 0.305808687299657 616.829464233055 600
0.294 0.398038839652366 0.181356096816832 0.126384354791449 617.43495585958 600
0.295 0.398718724937961 0.184133587737861 0.140760831651679 612.500080504567 600
0.296 0.525077736579451 0.335213347296396 0.265976190239395 590.929607237102 600
0.297 0.834918739380175 0.69864686165241 0.580669906604246 579.334421447176 600
0.298 1.6461720783488 1.70719830712592 1.39941196510027 579.717800580462 600
0.299 3.08117592502521 3.49475260658358 2.8262728852681 613.538156895453 600
0.3 2.45042294854989 2.58808787575849 2.15333204455802 619.578326950269 600
0.301 1.10012124041316 0.999421593254246 0.866417149813748 606.101178312094 600
0.302 0.589500630288258 0.297086761098085 0.384346556571444 583.033361894773 600
0.303 0.371645016367929 0.0369460000152221 0.181579040244192 579.902504764752 600
0.304 0.266409464950117 -0.0500181847540759 0.0918482195999237 577.058979303918 600
0.305 0.208291912253822 -0.098289778051348 0.0477824154990058 607.437313504198 600
0.306 0.189730620780111 -0.0852363692997977 0.0176181089575986 618.291648858112 600
0.307 0.188120892497373 -0.0434789033187912 -0.0186275680195952 611.620494183195 600
0.308 0.183241203621069 -0.00959427413904096 -0.0280683864660615 610.052393392757 600
0.309 0.181763460359586 0.0325269918201326 0.0069159722699186 587.93477699191 600
0.31 0.167700500864851 0.0178902688670836 0.0284252694370026 581.150607787984 600
0.311 0.149188877926514 -0.0277398214341436 0.0223816987930178 577.396295652252 600
0.312 0.126696507141412 -0.106171364211949 0.00205542222140208 595.806836800381 600
0.313 0.111322709864298 -0.138544943851445 -0.0210430010390821 617.627631210133 600
0.314 0.107032643768165 -0.149662530979236 -0.0375128429423606 609.909648101053 600
0.315 0.103194570381162 -0.14379903461256 -0.0524729185152639 607.785643400351 600
0.316 0.110409219451467 -0.0998981674003211 -0.0601858814391203 580.848246336819 600
0.317 0.110817943320504 -0.0815172836327128 -0.0697495693029054 579.819762402568 600
0.318 0.10703878704694 -0.079425265799129 -0.0781748625889986 589.79943421734 600
0.319 0.093971905133497 -0.109557829712932 -0.0866692798957731 617.430015461619 600
0.32 0.0847392518561201 -0.131657117417445 -0.0878667176192927 623.255016737739 600
0.321 0.0818824164476994 -0.143306620357045 -0.0827164222841821 608.074048671228 600
0.322 0.0765671076858042 -0.160502681268887 -0.0747192967933874 590.554232200748 600
0.323 0.0670530270282818 -0.185391219369078 -0.0665164307338649 576.946109247688 600
0.324 0.0484758431717523 -0.231707022308476 -0.0604636158693156 588.12435576466 600
0.325 0.031457883241259 -0.274300566024502 -0.0509015840485633 605.894627311573 600
0.326 0.0225915142536277 -0.304864981659979 -0.034827385451626 625.579262625121 600
0.327 0.032409263767326 -0.287834167585289 -0.00872534216132187 614.497398188989 600
0.328 0.0333207185237631 -0.281825623711968 0.0168699387748015 599.72300094698 600
0.329 0.0454391884328673 -0.236763058458026 0.0417465009555551 574.324949272597 600
0.33 0.0410329487620709 -0.22818350290514 0.0590382278260009 578.890153274578 600
0.331 0.0300003237692462 -0.23285633920577 0.0723678630960546 596.840135448884 600
0.332 0.0226256167250574 -0.228696932027435 0.0854457119334491 606.685994797333 600
0.333 0.0122543554485206 -0.236513253397404 0.0964864159336816 627.458412978711 600
0.334 0.0177335990424616 -0.210603982155036 0.111361280597042 616.195506462682 600
0.335 0.0283468972347207 -0.180400423561209 0.127317703856942 600.796909948104 600
0.336 0.0464669553703769 -0.14014200838597 0.145137503827398 577.047543197765 600
0.337 0.0590926694155453 -0.122561266440841 0.163929441462452 577.224206095738 600
0.338 0.0682999102611886 -0.120043319625476 0.185056757270308 597.675904554207 600
0.339 0.0882140497433796 -0.0990045954727329 0.213470330915865 608.893458858638 600
0.34 0.113036623676705 -0.0702039945075341 0.249602045642645 626.323580855912 600
0.341 0.160290035697432 0.00826736873977005 0.299732815972497 612.176962906658 600
0.342 0.219346145255883 0.119005752515735 0.362583949622228 590.556180805629 600
0.343 0.283343147272598 0.250840210139658 0.43330177276079 570.335728611797 600
0.344 0.363239413619779 0.449400424760537 0.558944605561877 589.365891073307 600
0.345 0.479026394771624 0.644396063550867 0.681948242044352 608.525087833031 600
0.346 0.641761732764938 0.94508922598333 0.877380680753631 615.642423003488 600
0.347 0.886702959326105 1.40623365163847 1.21821921411852 617.961811369756 600
0.348 1.37389225184875 2.18052293265891 1.90627864384288 581.06332072313 600
0.349 2.60973603712866 4.00646124005733 3.74103687721913 576.468252896935 600
0.35 10.3483474269413 16.0692776456562 15.5824390348004 588.791754602275 600
0.351 11.5768621193243 18.5293829559683 17.9058559775524 586.819811615219 600
0.352 1.46540359484911 2.35805719965355 1.92724965007912 592.457720246242 600
0.353 0.639647256987108 1.01560428124879 0.608925054761813 615.283255354089 600
0.354 0.396068307894133 0.598645659686341 0.213482207596083 621.408528992488 600
0.355 0.292472556710524 0.397129901216838 0.0307804068982141 612.928083078337 600
0.356 0.24727184494014 0.280078711793084 -0.0702494390709749 583.513622412495 600
0.357 0.216371319107328 0.192166355797768 -0.161297604909133 578.523761728341 600
0.358 0.192106990011108 0.123466815292738 -0.248884006652826 590.857033821401 600
0.359 0.172749806658563 0.0727241194127871 -0.325729292092666 607.613019798046 600
0.36 0.156776898477628 0.0371225177381795 -0.37801562022005 624.260448773309 600
0.361 0.148118210205171 0.0172703695113696 -0.412688157358312 620.018906029749 600
0.362 0.142097442386264 0.00786653011135996 -0.417014855941118 609.28144262883 600
0.363 0.140410536982509 0.00653021083593323 -0.402079216901084 585.756054559544 600
0.364 0.132248686373606 0.000383805905768435 -0.407593049880064 581.640390140116 600
0.365 0.119476184045678 -0.0100777568255769 -0.434334133945953 592.315028767028 600
0.366 0.108837246376269 -0.0185241333873942 -0.458116367014127 597.350435226419 600
0.367 0.0927394741301414 -0.0296693192191421 -0.492350203872867 619.993641070326 600
0.368 0.0840285612390884 -0.031184219927938 -0.495216024206191 619.405939441221 600
0.369 0.0777256612140584 -0.0275140635881602 -0.485710179029506 610.283168433343 600
0.37 0.0774291898604054 -0.0172913339045438 -0.462961486908048 580.919658580722 600
0.371 0.0654679571227131 -0.0133818359227089 -0.474349385985309 579.719921531957 600
0.372 0.0464322817648604 -0.0115437094694345 -0.497386533982769 592.476082184274 600
0.373 0.0212934404942316 -0.01051766545958 -0.515634386075535 616.01704058089 600
0.374 0.00045284782343294 -0.00644576421055682 -0.505788194083284 623.259651987968 600
0.375 -0.0144436735786852 -0.00683041882031867 -0.476567446867189 608.223019811614 600
0.376 -0.0284943827364739 -0.0220701731517079 -0.470142642802233 590.455468369822 600
0.377 -0.0378844622207851 -0.0250972582781437 -0.447771239123761 574.042771640221 600
0.378 -0.0501571512917606 -0.0126566198115955 -0.433288970488572 583.900479543831 600
0.379 -0.0771475280875888 -0.00562121101324896 -0.440905309307021 597.281136030953 600
0.38 -0.105830959428301 -0.00401444941147341 -0.456300798868483 622.335757809974 600
0.381 -0.102854536069854 0.00565051392309727 -0.433015856013724 622.162967210141 600
0.382 -0.0957359782295676 0.0195426690344273 -0.412321796653607 604.576553161369 600
0.383 -0.0892049152898218 0.0344776404853736 -0.39637428004679 589.46171528751 600
0.384 -0.0802428230703025 0.0516367027272075 -0.380192666730363 573.531949047237 600
0.385 -0.079969552352051 0.0637329119777808 -0.375733838772239 582.896509510663 600
0.386 -0.0832752605927618 0.0771791100706341 -0.3809053941695 597.178773325538 600
0.387 -0.096548959254335 0.0884373191202733 -0.395657128724591 626.007050222356 600
0.388 -0.101978190490303 0.109903835292647 -0.38416937632264 622.499854742544 600
0.389 -0.0737520160683257 0.14562494138582 -0.353067706872761 604.384785992086 600
0.39 0.100809996827803 0.20866875322719 -0.298227125095747 591.04756647366 600
0.391 0.260919410034838 0.349312302769126 -0.219116190755938 575.455951980053 600
0.392 0.531660099060337 0.750124583530958 -0.0145839675775512 587.152805629353 600
0.393 2.44817329771499 3.31628346063978 1.37840402804724 609.466561731936 600
0.394 21.0100494344835 28.5083214779506 15.3550681659694 613.334145412657 600
0.395 1.10993292161391 1.71823821245781 0.669412900774059 610.249973862424 600
0.396 0.215231174728631 0.552818117159841 0.0393983071424769 608.674413279214 600
0.397 -0.00748841210772689 0.314327246152914 -0.0797305635170933 583.718200688466 600
0.398 -0.195007834212082 0.21317068794631 -0.152527011136191 579.022944510933 600
0.399 -0.250621254695629 0.174182421359196 -0.185040459130479 602.518784109852 600
0.4 -0.281132890066625 0.165738928454033 -0.204911112843498 617.893638919374 600
0.401 -0.292243404178377 0.16534327739077 -0.211018059069817 624.150186626244 600
0.402 -0.281315803608515 0.18028243614783 -0.202395012509012 600.899422938566 600
0.403 -0.277586248031049 0.196429288325948 -0.197284917175772 585.824762278854 600
0.404 -0.296007624952595 0.215984871818471 -0.205168139417812 584.161058297097 600
0.405 -0.314310907201552 0.225472667847779 -0.211022979027008 589.080564555057 600
0.406 -0.349827306162019 0.22352181432113 -0.226693883889387 614.289675472169 600
0.407 -0.372936176563566 0.218759981724237 -0.234140024159843 621.127641594778 600
0.408 -0.388337619930801 0.204367415687735 -0.236140025240179 617.456275137385 600
0.409 -0.399474728197287 0.197475004723254 -0.27657648237484 595.96337166999 600
0.41 -0.405301674901531 0.15211935808897 -0.227317076318872 584.160989313774 600
0.411 -0.416684790740643 0.115654747467812 -0.258853354116492 584.022586375344 600
0.412 -0.430388753431609 0.0711587594676988 -0.268110249286889 588.565336959613 600
0.413 -0.454362058140395 0.0197475046466312 -0.270573293741828 614.537500200855 600
0.414 -0.465088488584922 -0.0123852999514166 -0.276141022578208 620.942726786937 600
0.415 -0.467486388965917 -0.0339260133610296 -0.271916135575923 616.389242959034 600
0.416 -0.456191726564483 -0.0384553008804615 -0.291661290782324 590.742962282464 600
0.417 -0.309660374720674 -0.0510922598320022 -0.238103940249596 582.056788051309 600
0.418 -0.246771594206692 -0.0495719557208599 -0.290654958890015 588.386995472099 600
0.419 -0.21166855189048 -0.0506927954167079 -0.306621110882365 592.503895586994 600
0.42 -0.186579634174423 -0.0619966411090567 -0.325569082201622 616.12570765144 600
0.421 -0.136590027672293 -0.0762057416924717 -0.327677591255729 621.871290283851 600
0.422 -0.0906369133082877 -0.0934202525127349 -0.294238937136785 612.048539863689 600
0.423 -0.11963886361875 -0.0887873861697323 -0.223816663397697 587.095045367236 600
0.424 -0.188526586996316 -0.0621190513428905 -0.162181876845551 578.813886113355 600
0.425 -0.204191141379247 -0.0358078615130104 -0.134610206100403 591.55291989344 600
0.426 -0.193428362023795 -0.0200619027278099 -0.125356654873764 600.772025868813 600
0.427 -0.200324737120136 -0.0220759643336224 -0.131982166235342 616.784384731922 600
0.428 -0.226926937137561 -0.0364742280731982 -0.148023770814789 626.318571935509 600
0.429 -0.256791202569657 -0.0568461743470572 -0.16557191135528 605.027139044091 600
0.43 -0.311189162076985 -0.0907353276066604 -0.193646131218039 588.506651804812 600
0.431 -0.389614882215087 -0.126708017745517 -0.232361997900779 589.434902747829 600
0.432 -0.436485008620461 -0.116341865552803 -0.25452183578703 581.837453663379 600
0.433 -0.465865689710844 -0.114409795454238 -0.269380325985284 602.901095814946 600
0.434 -0.434797854538646 -0.110303119613547 -0.267934561816208 616.606349310613 600
0.435 -0.338020653141363 -0.0562432479812613 -0.222955390912439 626.935727027636 600
0.436 -0.180432524881102 0.0844675476706545 -0.130099236087761 603.204464159701 600
0.437 0.0650202686332392 0.415592833561563 0.0740048234772443 586.066328427228 600
0.438 1.05323540199919 2.05912991867784 1.11540285886409 589.954539301713 600
0.439 30.5423637091835 53.1133545592172 34.0930394081105 593.86633351647 600
0.44 1.10691878180947 1.46918734684944 0.899126684760532 605.442771246965 600
0.441 0.513844768384162 0.360855112056198 0.212257400372557 613.623468610834 600
0.442 0.382932401504026 0.0216023867617134 0.0765957170417898 611.231206643839 600
0.443 0.305654590916063 -0.171465956588909 0.0331223894285372 593.12241606686 600
0.444 0.234958526409077 -0.266640168482759 0.0203472416454424 584.331998115368 600
0.445 0.190662067719369 -0.295496284511283 0.0180057820212791 578.486738309328 600
0.446 0.203657165921431 -0.298461179498317 0.0195050431245971 598.497297184376 600
0.447 0.267062817646047 -0.290278617773819 0.0233705883849708 615.185032837052 600
0.448 0.284444983141814 -0.28429942788593 0.0197653328596245 622.530253885365 600
0.449 0.254928878588577 -0.273574001685859 0.00320976809533953 613.530742770129 600
0.45 0.189991921381265 -0.258051241677242 -0.0260577867747612 589.538705842896 600
0.451 0.107284102889481 -0.25577096063933 -0.056623103944264 570.204570921673 600
0.452 0.0176622640010136 -0.290822177863618 -0.091227867794057 589.429991607592 600
0.453 -0.0593277632511723 -0.337079086725961 -0.143279873523592 616.106661530882 600
0.454 -0.0957301159592861 -0.35617268560858 -0.155496095163919 610.362335135541 600
0.455 -0.120077024182458 -0.37571344828415 -0.156029448170482 607.844462764058 600
0.456 -0.103705224118639 -0.364530451534661 -0.1566252641977 590.051295256623 600
0.457 -0.0740362810184389 -0.354870354064283 -0.154938629596779 588.359980695053 600
0.458 -0.0544635457727412 -0.353413627260556 -0.153270451723084 592.851493560655 600
0.459 -0.0625676348987375 -0.375703013760139 -0.155599749271255 617.294057979818 600
0.46 -0.051702486511319 -0.381310480579809 -0.154069400929073 620.246847324652 600
0.461 -0.0338542256409303 -0.378416139472285 -0.149606809748506 612.783011076423 600
0.462 -0.012090918357739 -0.358883380482968 -0.139617242162866 583.243679769865 600
0.463 -0.00401020190656211 -0.358093709354525 -0.134059888421786 578.030661280883 600
0.464 -0.010388826130591 -0.376933207189488 -0.133841066316485 598.56206428117 600
0.465 -0.0192301799917722 -0.393498586319661 -0.133207833620607 617.532454723768 600
0.466 -0.0223503382894505 -0.396037616165143 -0.129054710529103 620.490537760833 600
0.467 -0.0130339432299726 -0.380422832349541 -0.120200180258839 601.561499038273 600
0.468 -0.00118755991323252 -0.366002181372437 -0.112199863931104 585.449421023175 600
0.469 0.00517233207033504 -0.355415306205909 -0.106493202192876 574.779225987016 600
0.47 -0.00451397985428066 -0.364270430397339 -0.107093717855582 590.660613111969 600
0.471 -0.0194831200231625 -0.3759878961178 -0.109767918111958 611.561397391318 600
0.472 -0.0282340957972493 -0.372452897582377 -0.108994259338149 612.992376841972 600
0.473 -0.0376136105850848 -0.369935351641649 -0.109713146354941 614.413505499552 600
0.474 -0.0342006208962072 -0.346153478548278 -0.104428819147829 584.820793424515 600
0.475 -0.0388333141194725 -0.344673317681425 -0.106097641629494 579.548908205748 600
0.476 -0.0468678308759723 -0.354968916983452 -0.110929578861488 587.497688354343 600
0.477 -0.0598958646279643 -0.379251374061332 -0.119334448365617 613.251022222216 600
0.478 -0.0623032397471916 -0.335267817665041 -0.0860252403885514 621.452250270549 600
0.479 -0.0539705050115893 -0.212941459965599 -0.0213451924694773 609.089542156626 600
0.48 -0.0417743441509913 -0.1839026430842 -0.0128992914264894 596.224205432023 600
0.481 -0.0159913440600673 -0.134722714509511 0.0111545774335306 573.785717542225 600
0.482 0.00372908319215407 -0.0915021917126489 0.0376156596827184 585.882428933906 600
0.483 0.0464557941995945 -0.00326675982192193 0.0980445965932148 607.351020057181 600
0.484 0.183000748762852 0.280786287467771 0.311811533661952 628.389760511858 600
0.485 0.802545657920056 1.62172946936763 1.23443231585572 609.602421812087 600
0.486 3.09151219405664 6.94376389702114 4.34428704701586 579.634465098785 600
0.487 0.838371713145807 1.98355021709119 1.00772253909719 575.363226331772 600
0.488 0.244160645426652 0.665084090754706 0.18286020119849 596.358612786564 600
0.489 0.0476864650032245 0.223012703659513 -0.0887921987532591 616.100737910043 600
0.49 -0.0331140970258109 0.0290387024231857 -0.206661860765417 626.832751657861 600
0.491 -0.058736222569213 -0.060359089990651 -0.254259907516291 609.476498257175 600
0.492 -0.0619071326011004 -0.0991870905527905 -0.273462268866173 588.805770050632 600
0.493 -0.0519356561736779 -0.100543082831893 -0.276735296873185 572.127092737279 600
0.494 -0.0483217435718103 -0.0885638622788631 -0.28471468694338 580.365724972248 600
0.495 -0.0651138025327418 -0.0851286603734083 -0.307590991496931 612.342586668741 600
0.496 -0.0778086123520035 -0.0783861117861319 -0.314295243914064 615.074211722905 600
0.497 -0.0777103467695293 -0.0771585631755849 -0.299446844306987 618.439525614702 600
0.498 -0.0571955666196726 -0.0663073268600407 -0.2382475091294 595.0086545354 600
0.499 -0.0448682955801317 -0.0724342671263414 -0.187196178705082 582.661697739461 600
0.5 -0.0904310951380253 -0.159166016151996 -0.318542898480315 576.264833176396 600
