# Fix print output for fix def1
0.00100000000000001 0.0935813532555577 0.02460852202043 0.0972065594332075 877.592330568126 900
0.00200000000000002 0.106976011834072 0.0393671586309428 0.121270761690177 869.014759724584 900
0.00300000000000003 0.117997595104911 0.0525691367415026 0.155614419771518 877.251765152596 900
0.00400000000000003 0.140619243739059 0.0779680564136983 0.240018019862611 909.028465049697 900
0.00500000000000004 0.18133520656006 0.122327588449403 0.346652127293173 927.662139840837 900
0.00600000000000005 0.332864894870174 0.279345477245589 0.682491238839703 917.402383055687 900
0.00700000000000006 0.736481119717625 0.694405714179934 1.58849076173134 905.778056414823 900
0.00800000000000007 2.09498129275729 2.12453426197741 4.61028782509461 868.60838162516 900
0.00900000000000008 115.125160148693 117.677315682255 262.536547044114 871.408249540494 900
0.0100000000000001 0.079084887791616 0.0722401081504639 0.221395169519409 787.297508081781 900
0.0109999999999999 0.0714073348514021 0.0519234801879161 0.20741235611798 890.844368421579 900
0.0119999999999999 0.0667201878575156 0.0412244909131118 0.202993656332822 924.633650804081 900
0.0129999999999999 0.0693455169597299 0.0417098206898778 0.211119545252074 919.691129287652 900
0.0139999999999999 0.0948364869039461 0.0708403219736816 0.24466047062708 888.121755882515 900
0.015 0.122617771971565 0.0999314341768354 0.27032148339512 863.343866624615 900
0.016 0.138928861139626 0.115507569822376 0.297502903933149 876.985393367694 900
0.017 0.152788463070805 0.128510040927083 0.327435150138309 921.054549418024 900
0.018 0.17003374618529 0.145387160860456 0.360436168683718 939.54508131356 900
0.019 0.192983169755001 0.169260239556701 0.403214388668522 913.145128207031 900
0.02 0.221495962013067 0.19868635086442 0.456815214208525 878.610917099401 900
0.021 0.257248935242889 0.234107570470892 0.525749128540355 875.751583444581 900
0.022 0.300767520202628 0.27790811126184 0.619015471406489 884.507990014682 900
0.023 0.39358695302892 0.363712468294924 0.798155404558104 920.637338584506 900
0.024 13961.8667491166 12643.3652662245 31139.7345433422 5.04434849034187 900
0.025 0.212985349567974 0.181425401249309 0.404851453961432 869.04930275363 900
0.026 0.219918650326069 0.189067578641281 0.410572258701369 876.840472776045 900
0.0270000000000001 0.234457906405226 0.200610728673404 0.435856913403356 914.338728428541 900
0.0280000000000001 0.258712458660714 0.214258953898895 0.487985865250494 942.85078405371 900
0.0290000000000001 0.308321465995666 0.251916641076773 0.585780273949052 909.631782291838 900
0.0300000000000001 0.392317393895421 0.314277939858962 0.74626081514416 883.967744380483 900
0.0309999999999999 0.522391136753997 0.405181725317166 0.997877798680715 863.357441472176 900
0.0319999999999999 0.765036629148779 0.570941486825078 1.48526697866552 896.082195265905 900
0.0329999999999999 1.26067038128908 0.893777431509181 2.45579045025321 922.432197562121 900
0.0339999999999999 2.34363302049283 1.60404630212673 4.66659784143643 933.245661484343 900
0.0349999999999999 3.93361248520092 2.64311290658853 7.99243380886409 900.76748554213 900
0.0359999999999999 3.7527636200416 2.48923600984058 7.5926578681 880.730604041051 900
0.037 2.01992193960911 1.46355322125959 3.75009362997053 860.753663284025 900
0.038 5.62135166815048 7.17545780165634 11.0541339883899 902.995464163916 900
0.039 106.250744633747 141.32764061297 250.191429013486 960.414038722091 900
0.04 1.72477401550418 1.1984950609226 3.35346851067959 857.722143188223 900
0.041 7.0840306022731 4.71728033329049 14.100339822215 864.314817222904 900
0.042 3.41071875471751 2.32267787718963 6.68345549769305 889.406305573171 900
0.043 1.95085502446091 1.36294733384458 3.77882260759549 874.525877307057 900
0.044 1.52720822859538 1.0904615395917 2.91890282757147 907.52228469697 900
0.045 1.27052614350545 0.924974765757662 2.41525918025124 940.570230362398 900
0.046 1.04923723359328 0.782714101998939 1.98899158580587 905.995776366367 900
0.047 2012.88436648307 2373.25907718717 4377.43035188259 0.0691184463288971 900
0.0480000000000001 0.453492213704397 0.372554684937127 0.84659478185702 891.377769362053 900
0.0490000000000001 0.29185796924334 0.255030000379321 0.545952980156713 933.106212232389 900
0.0500000000000001 0.223708920060014 0.207669806112655 0.424430489645156 930.770867727982 900
0.0510000000000001 0.181816241354821 0.178905343261466 0.353635577453221 901.48308391446 900
0.0520000000000001 0.165491122975705 0.16439304515646 0.317709785921102 868.362862657792 900
0.0529999999999999 0.156522383094787 0.155869182656398 0.302910700244234 866.83488221964 900
0.0539999999999999 0.19948028806718 0.18779537883288 0.400446332306522 885.643688141239 900
0.0549999999999999 0.180844082639528 0.165109501210675 0.368978688466874 908.733588712641 900
0.0559999999999999 0.255839841491354 0.220652641299097 0.531153791434211 943.984644991627 900
0.057 0.51950109069561 0.430660432250175 1.09652684571186 931.210034452113 900
0.058 9.9169158682582 14.5299892888494 29.2312206202964 897.748515427274 900
0.059 14.0723412511437 12.2135172443036 30.3977531038537 894.116115249073 900
0.06 0.657188771181697 0.552214947284826 1.39381782424545 883.534807868877 900
0.061 0.239432139801006 0.218724323237306 0.515190768311116 868.253165413276 900
0.062 0.133794597559351 0.139682456766515 0.300867071288681 903.6178120861 900
0.063 0.0914341212926501 0.109249583492056 0.21750885075855 925.96387842378 900
0.064 0.069914376603318 0.0941837354455111 0.176292887095477 939.085024729005 900
0.065 0.0597992186272362 0.0871152406819414 0.156334582566376 896.269726196138 900
0.066 0.0532206669681252 0.0827050028120315 0.144028032925506 872.85723477031 900
0.067 0.0477968984753295 0.0790177942516329 0.134687813321229 879.528947079754 900
0.068 0.0444950338119008 0.0758846023113321 0.127706729914205 885.676338633749 900
0.0690000000000001 0.039208275143762 0.0709508206138448 0.120179289935283 928.096758918342 900
0.0700000000000001 0.0347009887844788 0.0673642731079824 0.11624444151356 931.277175196984 900
0.0710000000000001 0.0311427171183322 0.0643448114763832 0.114942197980377 922.640479146697 900
0.0719999999999999 0.0311903911184386 0.0641254504286337 0.116364103655517 894.942861246416 900
0.0729999999999999 0.032895135709179 0.0654448963713013 0.118580898145769 870.849189634046 900
0.0739999999999999 0.0336515429893112 0.0664794373966961 0.119278837524655 880.542096856644 900
0.0749999999999999 0.0340670460177489 0.0673691672962887 0.119552230371907 905.985964874224 900
0.0759999999999999 0.034488452647564 0.0683371345769794 0.119896442493351 939.760212840938 900
0.0769999999999999 0.0380516831027902 0.071149629347073 0.123907669796733 924.131477355956 900
0.078 0.042488730909178 0.0743959430985374 0.128800422710808 902.687733353436 900
0.079 0.0475236061423751 0.0778992522231145 0.134262499239203 878.36916506494 900
0.08 0.0512430436529885 0.0806285475331556 0.138458479301942 881.456832515211 900
0.081 0.0550497754347823 0.0833320546355492 0.143032251037245 887.656468288443 900
0.082 0.056959290331364 0.0849421380641183 0.145798473345906 927.326164249918 900
0.083 0.0610526470671245 0.0878255766595757 0.150264831739964 930.868108506441 900
0.084 0.0660390977471746 0.0912859879394105 0.155714146954754 916.959389959887 900
0.085 0.0723126967591641 0.0956773326349576 0.161696775226026 879.406352341933 900
0.086 0.0765276117100296 0.0991428694229713 0.166756591186833 870.886766671961 900
0.087 0.0792912598898688 0.102003839350291 0.171523688545919 887.026391330217 900
0.088 0.0831450136779879 0.105267750159425 0.176863735258813 896.960113389877 900
0.0890000000000001 0.0876288997589755 0.107049155828434 0.179778441363073 931.348667880347 900
0.0900000000000001 0.0913969898828126 0.112761953348206 0.188878484093369 931.148860822366 900
0.0910000000000001 0.0990507506865443 0.114867399788926 0.193989529010142 916.911432123062 900
0.0920000000000001 0.0970230375797903 0.119830707369743 0.204166862137055 881.704800943142 900
0.0930000000000001 0.102541928172308 0.126183770000355 0.21486418272308 868.906227263109 900
0.0940000000000001 0.109811375740215 0.132961319245239 0.226340382928177 888.628681012569 900
0.0949999999999999 0.118667841582313 0.141060349974585 0.240691227097171 896.010118005348 900
0.0959999999999999 0.12709995104726 0.14943031394098 0.256747174654123 930.660390655588 900
0.0969999999999999 0.139195692087381 0.160877517728051 0.278815193678221 930.963469811612 900
0.0979999999999999 0.154232258468673 0.175656799967459 0.307217964717962 918.086278306296 900
0.099 0.173570312588683 0.194963981637613 0.34440399713456 879.016756758805 900
0.1 0.194570075787599 0.217785323232835 0.389106748817027 868.937259229228 900
0.101 0.221824101955517 0.24566506200366 0.443051575877985 887.824137396654 900
0.102 0.275058268398435 0.279862620294706 0.504462214325233 895.476557425306 900
0.103 0.358229998658242 0.330698969435433 0.597177544979132 930.4005705472 900
0.104 0.434641159871186 0.42034616125906 0.779765599319539 929.908314123945 900
0.105 0.545455946198564 0.54199277775552 1.02270342804674 910.368641774819 900
0.106 0.722067432110511 0.719989368789921 1.3736400538441 872.488889417553 900
0.107 0.997405104361934 0.990873941562694 1.91534320688504 866.49222768336 900
0.108 1.40445882711764 1.38903032619309 2.72223900428282 893.397191760126 900
0.109 2.04870885140805 2.02125999297168 4.01851823890971 922.146866572489 900
0.11 2.49682898469777 2.47256283104845 4.92547710112928 934.455853010948 900
0.111 2.72351770723735 2.70940097941143 5.39505274349078 921.148345692166 900
0.112 2.31830450204 2.32217196923962 4.60546325280744 889.245266257319 900
0.113 1.71857527533036 1.73681365653575 3.41838951068379 862.044572372391 900
0.114 1.18683726156291 1.21627805014582 2.36361549766839 880.315545040313 900
0.115 0.842294997468614 0.879774423249572 1.67589676232943 923.72186028928 900
0.116 0.600346454595078 0.646909742140599 1.19219764429994 917.96916543947 900
0.117 0.442258441077487 0.494114122935014 0.873729301329728 894.505837360549 900
0.118 0.345211756618844 0.373559744387188 0.665512987043826 861.321949559153 900
0.119 0.2761045819407 0.302983949620725 0.516282626247169 873.452003292708 900
0.12 0.228734697335571 0.253884755737001 0.409807762695981 890.772585279438 900
0.121 0.187460355187064 0.215729378899702 0.330343054890291 935.478923676212 900
0.122 0.159999701560139 0.189336412366273 0.274430537566606 933.583010466807 900
0.123 0.139598069607485 0.169073061587943 0.231823001766177 908.561164524112 900
0.124 0.124663646880939 0.153965829066159 0.200689508806355 887.04833092945 900
0.125 0.113415239214212 0.142299642383063 0.177970137562992 861.686979606015 900
0.126 0.103156186512814 0.132011365417121 0.158764467538595 874.765761730711 900
0.127 0.0941450783078513 0.123469495695841 0.142511306642781 900.392002070017 900
0.128 0.086192612290434 0.116064949385429 0.127971410942924 938.458505874815 900
0.129 0.0815684608401593 0.110724636214112 0.117722264191508 933.904401770985 900
0.13 0.0769741377952013 0.106747413239542 0.111662850321648 909.094622387352 900
0.131 0.0738324956363769 0.1107971101017 0.108748215433043 886.23621958397 900
0.132 0.0727880163336835 0.115884164317773 0.107124271031854 861.773447384081 900
0.133 0.0704729426739356 0.118523292844957 0.104355908815623 875.903849254738 900
0.134 0.0682747773468016 0.119030743566778 0.10195424224498 901.049506035683 900
0.135 0.0654129016088747 0.116246198927478 0.0995423577466207 939.143235638523 900
0.136 0.0660394455737039 0.115483409714519 0.101516725894128 929.308249456436 900
0.137 0.0698111898976965 0.117490524998284 0.106112334001125 902.649870785667 900
0.138 0.0744600919318417 0.120245356525532 0.111323232923944 889.838978391201 900
0.139 0.0803735197650918 0.124047791044556 0.119302656797367 859.809985106332 900
0.14 0.086326165393372 0.128048518759232 0.126042514518252 877.447000990446 900
0.141 0.0941120729704396 0.133999041607395 0.134551221973615 905.895703988617 900
0.142 0.0946753615943967 0.132073756567069 0.127417453308095 942.088119195053 900
0.143 0.113905579423534 0.150029707964429 0.175469492667186 932.683471990433 900
0.144 0.131241646330994 0.165422851361275 0.202441320924461 904.828386236493 900
0.145 0.14835407705153 0.179102943835495 0.245371847542127 888.831769133754 900
0.146 0.18049956047994 0.205641532312278 0.296566558519294 860.065256367365 900
0.147 0.22026328318303 0.240163143744344 0.38570012961531 876.553695895861 900
0.148 0.288086578402563 0.302863302032728 0.52420891496988 903.159414141337 900
0.149 0.422246570628649 0.426369068379347 0.796183741141806 939.953333568688 900
0.15 0.598276837333568 0.597852298749279 1.16233245383144 933.881382338466 900
0.151 0.968054953394328 0.959479436805246 1.92605235878985 905.484075633954 900
0.152 1.73333129211029 1.75567680846276 3.53650390485638 885.013030854956 900
0.153 3.63890042538233 3.80258181209991 7.56501850204237 869.204741494455 900
0.154 5.59598407287736 5.91069849885313 11.6907701158466 864.978260422993 900
0.155 2.70303770165321 2.86699496310293 5.66661034806352 893.925668018301 900
0.156 0.987998106193303 1.08218299397595 2.09630821944253 923.392063623119 900
0.157 0.471868089105094 0.544090470759385 1.01900750075971 917.089846972711 900
0.158 0.262316673616938 0.326322366560719 0.580780564608058 906.260244387143 900
0.159 0.107663323114164 0.158745616876505 0.246605353977112 868.626133766884 900
0.16 0.103734147177823 0.161159759051089 0.244784499187875 870.023487977861 900
0.161 0.0824901347123346 0.134396379122685 0.188068901729241 875.351030889892 900
0.162 0.0459466788447324 0.10054508180205 0.122734860573467 915.931523306578 900
0.163 0.160572245387319 0.20696949848137 0.350917082382163 926.684530060872 900
0.164 0.0203801890839703 0.0714119845173762 0.0705140739475336 917.110861726745 900
0.165 0.0108274692499018 0.059313007282777 0.053777918476092 907.410908774631 900
0.166 0.00591345043963305 0.050611154603909 0.0468158017896362 869.781990723378 900
0.167 -0.00177120653290054 0.0387852931034533 0.0375105051145015 869.945423903617 900
0.168 -0.0093860051220943 0.0267106977124591 0.0296440342088996 877.393802454682 900
0.169 -0.0178670083769867 0.0135390829682467 0.0215602649822669 916.938113452984 900
0.17 -0.0241121864751098 0.0034533212116 0.0159794774017414 925.875354901006 900
0.171 -0.0277064118742818 0.000816386369133672 0.0124912108305017 917.461967947725 900
0.172 -0.0300570732168589 -8.86185191163182e-05 0.0100619705637602 906.472242753319 900
0.173 -0.030263655506349 0.00222549796324631 0.009678441359258 868.022271393278 900
0.174 -0.0315444686372285 0.00292846577221202 0.00802886109329685 869.227408879334 900
0.175 -0.0329195220821837 0.00237537502344795 0.00591783038696409 885.360881684332 900
0.176 -0.0347689553107553 0.00123642852273679 0.00291708401785767 926.052965531642 900
0.177 -0.03517911779619 0.000641948712530775 0.00136824568675492 934.522298961319 900
0.178 -0.0343278361184414 0.00258978550020484 0.00118172025878703 914.634999732782 900
0.179 -0.0335734811646437 0.00478567654032351 0.00105878387447583 899.257739426735 900
0.18 -0.0319318489186096 0.00859153567271032 0.00199459646391866 867.895391753053 900
0.181 -0.0312313429642011 0.0115983164048324 0.00213583992206473 870.076086217202 900
0.182 -0.0300062624234184 0.0156377335005186 0.00311070116173522 886.326743627984 900
0.183 -0.0277657879467357 0.0204671310585873 0.00555649921286128 925.907010864791 900
0.184 -0.0227159550990964 0.0258510050507358 0.0115624713328608 931.4283201409 900
0.185 -0.0160335801780424 0.0257388978892633 0.0212855792268265 917.68631270142 900
0.186 -0.0296410190657537 0.0379312481176238 -0.0198722610477447 920.560607836149 900
0.187 -0.0390389476310984 0.0300012240676942 -0.0320021328954927 925.134409138137 900
0.188 -0.0407579968434299 0.0257371189807224 -0.032025360628672 887.706962439965 900
0.189 -0.0419748634694416 0.0208236240713149 -0.0315967332214365 869.962564788027 900
0.19 -0.0433672372014185 0.0149590416292347 -0.0317138362839257 865.60311653832 900
0.191 -0.0466333780553427 0.00690588106786505 -0.0347833363394943 908.263662795303 900
0.192 -0.0491669460240474 0.00249385755821044 -0.0360111141205534 930.437251740143 900
0.193 -0.0500360704352361 -0.0036006939306359 -0.0368075438027159 920.819769052713 900
0.194 -0.0499148922513039 -0.00633209260407794 -0.034383341258127 890.430581185948 900
0.195 -0.04941750276623 -0.00745030980568694 -0.0319557137825762 860.114045828686 900
0.196 -0.0498794761777322 -0.00930069673170282 -0.0313736674283353 877.591349027665 900
0.197 -0.0504353472599831 -0.0103610565358686 -0.0316701826305415 904.82719926822 900
0.198 -0.050714922389596 -0.0110105779217584 -0.0327275632531703 941.414216085398 900
0.199 -0.0479756093947623 -0.00929623701758635 -0.0285034246056813 928.519434862216 900
0.2 -0.0447575973515796 -0.00598567178784331 -0.025085521453575 897.009823993558 900
0.201 -0.0413550381568751 -0.00268705986179346 -0.0217443815873481 873.654817968309 900
0.202 -0.0383321989364713 0.000121472099362415 -0.0196513097905587 869.008587666136 900
0.203 -0.0365968724544426 0.00176952600268452 -0.0213433198114973 904.036195715544 900
0.204 -0.0341174148212991 0.00410517914237476 -0.0231014793006181 924.449877640173 900
0.205 -0.0324827471926147 0.00698035750307401 -0.0189748451635549 938.777392068317 900
0.206 -0.0286623625248603 0.0117092335020271 -0.0128732611781641 898.902918044699 900
0.207 -0.0258273613257468 0.0144720963116671 -0.00997604524018965 883.556220097717 900
0.208 -0.0226615343575324 0.0138828104064098 -0.00955127636303888 862.872461596375 900
0.209 -0.020533092289741 0.00899941426577017 -0.0125245707356234 895.881456619248 900
0.21 -0.0279365772811273 0.00811768835677794 -0.0235228240031861 925.855260817683 900
0.211 -0.0279720711125405 0.0088954629861561 -0.0225977695970296 913.363521619691 900
0.212 -0.0268803624601486 0.0112153784476603 -0.0190341148695053 898.703739775323 900
0.213 -0.0244068131731501 0.0144956872460099 -0.0121705044336037 865.191131455197 900
0.214 -0.0230069969327413 0.0157563267638117 -0.00895318639461899 870.194197754822 900
0.215 -0.0215907353038089 0.0155307677291156 -0.00787250422200177 885.517599052955 900
0.216 -0.0210411812533512 0.014541453199991 -0.0094681992673091 923.517752162556 900
0.217 -0.0195849227472059 0.0134753545075555 -0.0086848872842302 934.166676540742 900
0.218 -0.0178558941583785 0.0141284277750326 -0.00432752655433059 916.92134555057 900
0.219 -0.0169408674605874 0.0153991981285787 0.00194794699303642 894.006437289664 900
0.22 -0.0159105013336646 0.0165628898939401 0.00752507617619034 863.609947083892 900
0.221 -0.016287741227032 0.0165843692960495 0.00809681922681307 873.838748910309 900
0.222 -0.0172949224009062 0.0155090095131728 0.00815675279440792 898.466907134559 900
0.223 -0.0193722442696152 0.0131149471131792 0.00763832667070229 938.787273301687 900
0.224 -0.0195319172273531 0.0113604113334784 0.00969229480108857 933.058243488924 900
0.225 -0.0188419624097643 0.00997064388280716 0.0131410722396973 905.462468804971 900
0.226 -0.0185060480764406 0.00858520144378514 0.016100980451505 888.1455927301 900
0.227 -0.017744559200419 0.00776417443312155 0.0188782427942658 869.645591452369 900
0.228 -0.0180560149105622 0.00697297713742086 0.0201341995837817 885.048669033529 900
0.229 -0.0180470062707466 0.00698556828776979 0.0215812868920849 906.999964666673 900
0.23 -0.0177604438766512 0.00752203050584472 0.0231845809848878 941.110652540309 900
0.231 -0.0138432497135518 0.0105712142939047 0.0290485639660564 922.486922157989 900
0.232 -0.00751704615973908 0.0153160063917752 0.0381492955512339 892.445548617969 900
0.233 0.00231855733020628 0.0223332694591497 0.0529113101683272 855.264290161002 900
0.234 0.0161576390512895 0.031672862665444 0.073252386497377 873.589802221718 900
0.235 -0.0246234678240008 0.0412695433642552 0.0381744098155575 876.930306194395 900
0.236 -0.0288552669506614 0.0402193773359401 0.0336329786362207 881.595149082636 900
0.237 -0.0304147362140014 0.0416647809822289 0.0342466320557444 906.907956667813 900
0.238 -0.0312708729605282 0.0438833669483815 0.038312345209093 932.977293023239 900
0.239 -0.0272041605434846 0.0479640123025485 0.0458705166778212 912.996193680299 900
0.24 -0.0229346624862531 0.0498254314663196 0.0556232954950625 900.676863654367 900
0.241 -0.0162112120532288 0.0565928692479001 0.065185104580154 864.605549887723 900
0.242 -0.0112341441484844 0.0635995291444679 0.0753684981274196 878.639221574986 900
0.243 -0.00625623079549915 0.072770127409935 0.0862652682180499 904.315050306263 900
0.244 -0.00195772269717363 0.0834797511771873 0.0983380660165218 943.854497772388 900
0.245 0.00719896269158824 0.0967346838375755 0.116584593113109 933.48507250984 900
0.246 0.021387801904676 0.113267328220776 0.141996229192968 894.156867512937 900
0.247 0.0388957671897427 0.13436490221766 0.17419561188652 873.245483380792 900
0.248 0.0607485881493908 0.163091260920127 0.217125011555558 874.877660953276 900
0.249 0.0800250431620782 0.186085639090329 0.252334694144699 904.163794164485 900
0.25 0.142725413499802 0.263583190294538 0.374828915885352 922.814863849581 900
0.251 0.237958994658909 0.364720624968865 0.549201876430387 934.4191472753 900
0.252 0.552055021569937 0.631408637650985 1.09722754285391 899.746690170001 900
0.253 18.9332825321891 13.9071372121655 32.017846457523 899.153171142039 900
0.254 1.17638865959085 1.24742710623535 2.16454329160531 856.749027129598 900
0.255 1.10277343282323 1.54235649976463 2.22952920245899 893.656385149669 900
0.256 2.70729736683622 3.80047981359394 5.50183028118086 926.185736993906 900
0.257 2.32544203923693 3.28735168980363 4.73236849716318 929.84929984321 900
0.258 1.36288155580239 1.94624022419761 2.78118629431486 924.043899372956 900
0.259 0.673798290060731 0.982698272136476 1.38643324277342 883.673404709991 900
0.26 0.35478297855606 0.536701419238141 0.743496906897753 863.369818251863 900
0.261 0.211502643198595 0.332778646385283 0.451718467413094 896.274349333233 900
0.262 0.133077280970159 0.221461340963489 0.293538003495735 920.510741855098 900
0.263 0.0868338581901758 0.157231993364072 0.203618611372778 942.211750634806 900
0.264 0.0590807118685703 0.115115884700571 0.147382111277319 926.829279455697 900
0.265 0.0440761716021368 0.0895339512676714 0.116426248131502 886.016932042767 900
0.266 0.0299078530084691 0.068886944031544 0.0909042631979959 881.604367474147 900
0.267 0.0228202114085874 0.0547460412381591 0.0696158497461645 872.323540430592 900
0.268 0.0133404938661228 0.0425534811183025 0.0540587142169367 918.879124104942 900
0.269 0.00751576659191527 0.0330434811466404 0.0432317899649283 933.200052298545 900
0.27 0.00276858320754391 0.0251480973698675 0.035897959478537 931.992114633062 900
0.271 0.00168324699856459 0.0208208374271409 0.0362170117128101 881.295870823328 900
0.272 -5.49131724925592e-05 0.0168433499088883 0.0327988524731276 872.793880946755 900
0.273 -0.00157858632368161 0.0134876011833707 0.0287379639762313 867.386405577549 900
0.274 -0.00419744157612712 0.0107758973693854 0.0232032242517155 891.931425410486 900
0.275 -0.00685383715617301 0.0088274380633181 0.0174166912871981 922.620193293818 900
0.276 -0.00817970718721912 0.00706524075629569 0.0134559484667217 927.705808397174 900
0.277 -0.00876109027026134 0.00558213438288027 0.0104271102146346 921.133472861017 900
0.278 -0.00648693008247182 0.00616065217651493 0.00982867066054433 889.512819582663 900
0.279 -0.00450554572217944 0.00745932941560194 0.00895412144546311 873.088331811973 900
0.28 -0.0035464984596745 0.00842408064746302 0.00831392735293423 866.763758571243 900
0.281 -0.00404095268428558 0.00887913544316303 0.00659522400813523 890.283677592404 900
0.282 -0.00506333950303348 0.00921740946722717 0.00486914859680349 924.022248438006 900
0.283 -0.00464750092340477 0.0103294649388006 0.00552485023074868 923.351384857955 900
0.284 -0.00301203434292998 0.0120755459703869 0.00746655481091112 898.406031677341 900
0.285 -0.000561932448523141 0.0138882661038435 0.0089965643220548 873.393144145941 900
0.286 -0.000101591098031581 0.0151739374004234 0.00772423789458332 888.599171444065 900
0.287 0.00310213270820066 0.0167176924610248 0.00846010436437316 895.726171521722 900
0.288 0.00637286626965039 0.0179280165163813 0.00937408947003776 931.24392856325 900
0.289 14.2741467384242 8.13278775097699 14.5885617956105 958.539537836985 900
0.29 -0.0112814946602796 0.0361517148227782 0.0192374021249486 872.012891166976 900
0.291 -0.0157813940895852 0.0366440061315345 0.0183427187594843 868.807764982743 900
0.292 -0.0225643257616026 0.0365012617295539 0.0146905985992579 886.545999525553 900
0.293 -0.0250873956399559 0.0372685342628846 0.0142354952788913 895.93412501572 900
0.294 -0.0274704558947798 0.0376329925162027 0.0121330085489004 930.410562781446 900
0.295 -0.0273625357673904 0.0377575376745273 0.0112557964786712 930.616213823834 900
0.296 -0.026740981386219 0.0372847369466765 0.0104398910710773 918.633841547393 900
0.297 -0.0250207547161591 0.0363643395242777 0.010659965108225 882.061146793278 900
0.298 -0.0261536251502319 0.0345841880382929 0.00893346541290896 870.539981191694 900
0.299 -0.0277628475482345 0.0330822269024469 0.00575395326561966 885.777224209667 900
0.3 -0.0286384855969201 0.0315290376466329 0.00229063759906073 897.025626122954 900
0.301 -0.0263980870141564 0.0290450422830485 -0.00330432255144931 930.188653697738 900
0.302 -0.0258885207310763 0.027648896334961 -0.00684097222388338 926.556635077828 900
0.303 -0.0247786557964651 0.0261253918725949 -0.00965569663672858 909.174761280556 900
0.304 -0.0224342272539484 0.0255251644416644 -0.00843567008485619 868.657120326895 900
0.305 -0.021405501483725 0.0261256811405811 -0.0034761908760553 865.451243276243 900
0.306 -0.0206962198371582 0.0283345289880094 0.00568285125841697 892.050007042633 900
0.307 -0.0181295069926778 0.0324869297251135 0.0171108085179161 908.585778409201 900
0.308 -0.0146092705453475 0.0393395733220642 0.0299651647271993 940.86139530607 900
0.309 -0.0224056932338857 0.0254976956042498 0.0111298683242448 925.688067629123 900
0.31 0.0330183987129873 0.0935178035428198 0.125031558430374 903.51929360112 900
0.311 0.218051314346611 0.274392182084029 0.436214407981724 868.944863173975 900
0.312 0.887451167870007 0.880617543200244 1.50412604981046 336.973927487337 900
0.313 0.0145033231754348 0.0157104547545543 0.0936230140288822 935.368812057096 900
0.314 0.00654647596619933 0.00323059807600793 0.0781938658868526 914.212043225898 900
0.315 0.0060214813259078 0.000676844229365775 0.0765816438394864 873.73762999404 900
0.316 0.00515573834334005 -0.00155525658095965 0.0758768661077969 873.164223573939 900
0.317 0.00433421131456913 -0.00380695183758746 0.0749917162212447 891.11005417149 900
0.318 0.00358449795697319 -0.00603371147299189 0.0736659229547906 917.771138200064 900
0.319 0.00341603996807429 -0.00749549472724534 0.0723363997802551 937.294278455266 900
0.32 0.00551218944982533 -0.00624093084406198 0.0724780063116269 908.160749261951 900
0.321 0.0079835865635752 -0.00454988467754366 0.0724034609653973 874.699250558733 900
0.322 0.00984857707720428 -0.00383996327831388 0.0708045463400364 865.209306829208 900
0.323 0.0104094346962707 -0.00511888379710292 0.0663568583379216 893.816665209784 900
0.324 0.0111288743828819 -0.00653296290623446 0.0600927896071719 915.569857369772 900
0.325 0.0110164704627142 -0.00797204877796944 0.0526303578839644 935.445723886865 900
0.326 0.0117181724384754 -0.00925696651071419 0.0439970443495741 908.347133221862 900
0.327 0.0136886437485109 -0.0127352322966759 0.0328628984091006 874.988575474549 900
0.328 0.0150871229815921 -0.0148087714864113 0.0257446871652701 860.565719537549 900
0.329 0.0156591444098665 -0.0102193122279148 0.0316210098775478 884.667988711726 900
0.33 0.016325050851374 -0.00237766380988218 0.0428085594240163 914.595124782982 900
0.331 0.0168139109448968 0.00388672722917661 0.0508625823573025 945.175366216397 900
0.332 0.018835212851246 0.00947797789416133 0.0561768209396519 929.954896343375 900
0.333 0.0214051485392787 0.0143600819424171 0.0594188182230361 892.370177076658 900
0.334 0.0228304630128861 0.0177207978905418 0.0604635304439908 879.831582135329 900
0.335 0.0246522045518493 0.0216847142249698 0.0616190508328096 863.630122851591 900
0.336 0.0248166934234882 0.0240621998205995 0.0623674321461021 892.276630079496 900
0.337 0.0255353030520566 0.0278346361564586 0.0649179824868143 920.017952573127 900
0.338 0.0271498042264769 0.0265722398558242 0.0588742722794638 942.52830828555 900
0.339 0.0302815295702282 0.0120201335162424 0.040656021982203 929.053500702689 900
0.34 0.0343157483076983 0.0117507209177831 0.0400529850231442 890.896787286023 900
0.341 0.0383823307799335 0.0267066553393391 0.0497695343340345 882.055631982421 900
0.342 0.0405294681166928 0.051860485475326 0.0753916402705368 864.28288699368 900
0.343 0.0414761871913446 0.0590312686907658 0.0810109301948887 895.628090668383 900
0.344 0.0424860555302614 0.0588720176492847 0.0809295762919866 922.774323148674 900
0.345 0.043420363468219 0.0582138484728107 0.0822030653502159 941.533344541873 900
0.346 0.0454144604904724 0.0574216370045648 0.0851533819804857 924.170976776327 900
0.347 0.0476049744860481 0.0544365637316389 0.0880845660203382 888.745417449075 900
0.348 0.0478128710197818 0.0472163867799162 0.0884770781240186 884.068935101244 900
0.349 0.0479373912988943 0.0388230645646401 0.0872392723384942 867.285132323984 900
0.35 0.0453274921722524 0.028249262471342 0.0818107616077504 899.001342646098 900
0.351 0.0427646724750597 0.0195030708179458 0.07533230243796 923.626160092743 900
0.352 0.0404830105551083 0.0294470310595724 0.0707243362459398 940.167039749277 900
0.353 0.0396041393404214 0.0215370474212251 0.0691480010664078 921.83067716093 900
0.354 0.039833287684258 0.0207578582404745 0.0702930872875341 884.56452478739 900
0.355 0.0387024732917756 0.0238090770568863 0.0712383520424781 880.983772489902 900
0.356 0.0371637221372772 0.0278739507840431 0.0725397929210652 878.474346421131 900
0.357 0.0336663372494955 0.0283211047838713 0.0756371232960808 917.175471989637 900
0.358 0.0320489349961574 0.0311996081292042 0.084208189721355 930.263503710758 900
0.359 0.0315760268660721 0.0383744937013505 0.0943816241918901 935.296191844008 900
0.36 0.0318673840557748 0.0433003182854039 0.0934153062588417 906.226060922526 900
0.361 0.0317234310765349 0.046292262354911 0.089810205762348 881.804588255553 900
0.362 0.0304142629213819 0.0476231995418921 0.0840279237843035 883.61847488755 900
0.363 0.0297515428506753 0.0492220230732704 0.0782534722565949 871.706912255784 900
0.364 0.0269318953095254 0.0479048772678633 0.0709347182316585 907.749670457365 900
0.365 0.0247742449194759 0.0457700538297711 0.0648059593151112 926.788945581294 900
0.366 0.0228775348990063 0.0418661062882328 0.0599674828701551 937.684691265841 900
0.367 0.0223605111940485 0.0368347454464545 0.0577039443952978 911.781898052402 900
0.368 0.022128711524788 0.0298971700642179 0.0567677514711839 878.227126392647 900
0.369 0.0206664340258517 0.0210385615761507 0.0543558205771977 883.536704809205 900
0.37 0.0205337934098024 0.0168615258292774 0.0551830434464348 879.420644174618 900
0.371 0.0186951100514443 0.0149492652466989 0.055785044186496 923.271404592736 900
0.372 0.0172052023885547 0.0130033222179137 0.0546221597484024 932.866273683222 900
0.373 0.0165020453478668 0.012357676630345 0.0541972583539793 927.811796808616 900
0.374 0.0163226177847685 0.013176101124902 0.0547888535190471 900.699888073792 900
0.375 0.0166189887427772 0.0146175517333676 0.0562460960676767 872.271240884331 900
0.376 0.0163643517667436 0.0149036671610529 0.0577970334372444 885.110930820734 900
0.377 0.0177675838935816 0.0157459282324991 0.0615103870152428 891.892751835603 900
0.378 0.0184251197167097 0.0151170200308893 0.0648360517642294 932.637065498899 900
0.379 0.0199920690481569 0.0158720974020696 0.0677598294885389 930.944300548531 900
0.38 0.0161033395709537 0.0154088350529631 0.0618250365494844 918.992648111735 900
0.381 0.0164629744114199 0.0174115312480195 0.059576195444238 877.19935380189 900
0.382 0.0236884250985637 0.0216700701691943 0.0661039876067675 866.879968188199 900
0.383 0.0288096013634528 0.0247038736772587 0.0697482106928446 888.974661798475 900
0.384 0.0302657936997578 0.0256629460878014 0.0686820915102506 906.966290804699 900
0.385 0.0286329176228996 0.0248532787431099 0.0635816082760662 933.248665868878 900
0.386 0.0269960332473283 0.025473234889427 0.057341475268132 931.149853019491 900
0.387 0.0256446266095783 0.0274784764314764 0.051191033032517 920.189380953169 900
0.388 0.0259268745635219 0.0328399639832741 0.0475236387859071 883.046900996834 900
0.389 0.0261997307346873 0.039347001544767 0.045290421657882 867.809148819396 900
0.39 0.0288651742241362 0.0375071369228884 0.046880493217836 889.696978134375 900
0.391 0.0328999896530886 0.0365358900783937 0.0513208058245205 900.633883940618 900
0.392 0.0373790375085022 0.0439168273830053 0.0589602901700344 933.039248967964 900
0.393 0.0449742589321675 0.0523725350739362 0.0697970027360557 931.409137599971 900
0.394 0.0550170397163942 0.0639471766246091 0.0833496190850032 920.15192479733 900
0.395 0.0673762306892838 0.0777905907237184 0.0991567083457858 887.850165648679 900
0.396 0.0804629536667032 0.0886704701715078 0.115806991185737 870.420682684964 900
0.397 0.0930048582549317 0.0948974127348372 0.13256973867939 887.159780314203 900
0.398 0.108369824174553 0.101377068641835 0.149970458297445 899.912422082037 900
0.399 0.121419926325963 0.109224934340246 0.166483573042919 934.596850646222 900
0.4 0.127362732664526 0.120870037982973 0.184311393443011 930.882477910357 900
0.401 0.139334186811297 0.137698241920154 0.209181546769713 912.224334081647 900
0.402 0.16078854347473 0.161970083318397 0.244460872719569 871.503197053825 900
0.403 0.139293314651139 0.0992061857548843 0.190096493490705 891.145754140737 900
0.404 0.111474906111232 0.0624283353980939 0.15790705039714 922.371175878103 900
0.405 0.0875312311005456 0.0295261600698747 0.130098497083794 937.00685440404 900
0.406 0.0693360723006735 0.00482190396600177 0.108358173134267 913.535654753057 900
0.407 0.055243894469696 -0.0111837839942101 0.0914657992190112 885.705947189615 900
0.408 0.0434710185209081 -0.0243584266745683 0.0774808881707148 883.372129548952 900
0.409 0.0341418725905102 -0.03511689561516 0.0665514860747992 866.621368903782 900
0.41 0.0251282335398457 -0.0476102422644707 0.0570685433620789 899.207795401364 900
0.411 0.017541035096553 -0.0578785927415998 0.0499881092416703 924.395670950934 900
0.412 0.0113282519548679 -0.0654046853777178 0.0448026856308101 938.341392503506 900
0.413 0.0080923943026907 -0.0679542265721377 0.0418417004134959 922.15480125195 900
0.414 0.00583770008832757 -0.0618004535643571 0.0263394476345866 865.078011784577 900
0.415 0.00653425172672041 -0.0605700140961647 0.0263010942000022 868.944727016632 900
0.416 0.00599648675445406 -0.0622905132511596 0.0171614843328429 916.801319454067 900
0.417 0.00539237481362417 -0.0624850906589801 0.00525877055616055 931.91392918691 900
0.418 0.00590712074474907 -0.0602857360358863 -0.00276351673501319 918.692278785105 900
0.419 0.00736990687511911 -0.0561628511242222 -0.00687889591970519 881.432430753068 900
0.42 0.00816221140031095 -0.0532507868103224 -0.010397506872292 871.572011428948 900
0.421 0.00848843685763031 -0.0517155635169248 -0.0139107565362205 888.003297015675 900
0.422 0.00983832551711366 -0.049816964076909 -0.0162302151923927 896.480276704244 900
0.423 0.00976353530846864 -0.0499063999183781 -0.0192961975168539 930.310930183344 900
0.424 0.0102559743313116 -0.0471433339629809 -0.0204714656296863 929.869204888667 900
0.425 0.011074540252645 -0.0445535654276093 -0.0209420861391667 915.723297514954 900
0.426 0.0122695505598261 -0.0413541080351384 -0.0201631973134354 867.980275071748 900
0.427 0.0118631537658776 -0.0416211474095982 -0.0205933394895254 867.028535460526 900
0.428 0.0101159282612691 -0.0428851454352688 -0.0209334650959198 885.830956104388 900
0.429 0.00730340555401218 -0.0421296899729801 -0.019920976353811 906.969745451615 900
0.43 0.00405726745536947 -0.0399219910771606 -0.017647392551497 933.70430680399 900
0.431 0.0030698158140281 -0.0358340251947555 -0.0132776703372718 930.276166641586 900
0.432 0.00602554367128771 -0.0299032977948404 -0.00735100897484274 915.584567086253 900
0.433 0.0141757011338721 -0.0191042152000253 0.00253059812833175 870.492400789389 900
0.434 0.0286581405855688 -0.00193759869000396 0.0169792999423211 867.547755007267 900
0.435 0.050571783322455 0.0282499015878938 0.0421170117854374 886.805522879215 900
0.436 0.0714212001853416 0.0570383035801895 0.0651221505995521 904.050438685605 900
0.437 0.0677487033826897 0.0481824066488944 0.0596924728133268 934.265524104513 900
0.438 0.0493844439767385 0.0179795390207188 0.0380226929914209 930.255832803728 900
0.439 0.0374316504124742 -0.00633745345343881 0.0225876439454168 913.43871557231 900
0.44 0.0347419464373443 -0.0208440934976647 0.0170220930513324 872.860221967697 900
0.441 0.0398806338231717 -0.0223087711018256 0.0179469434960703 868.4406721194 900
0.442 0.0463651859127934 -0.0203058064908116 0.02198903429444 889.566600241781 900
0.443 0.0563612605533367 -0.0139872868841036 0.0284715792843958 913.045099848087 900
0.444 0.0731987033143648 0.0103899028275582 0.0460763564023647 939.590929025808 900
0.445 0.248139168329149 0.588540026466707 0.389301863353061 923.784305094107 900
0.446 0.100356272598586 -0.00214202675772408 0.0660255996151881 896.8407754768 900
0.447 0.0903139541802462 -0.0214147941105674 0.0505165059805772 861.095974709885 900
0.448 0.086475462403011 -0.0258999484496512 0.0462943357257869 873.049086193381 900
0.449 0.083247887820191 -0.0304297078967926 0.0431169680359213 902.577017581578 900
0.45 0.0800102685362069 -0.0356326784745867 0.0402338598748045 942.050967261974 900
0.451 0.0775439907885598 -0.0360926520757199 0.0384842390512733 927.570997691019 900
0.452 0.0751058307661157 -0.0354528868204455 0.0370550275309149 898.071796151439 900
0.453 0.0724063747036869 -0.0351271315521285 0.0355579531403721 869.125923489672 900
0.454 0.0692202064189601 -0.0367965677801454 0.0336375943207694 860.569071026985 900
0.455 0.0652101783223867 -0.0423376509265293 0.0308697802762409 894.2593254555 900
0.456 0.0603283382276655 -0.0484260989829446 0.0277555177402386 928.087689402939 900
0.457 0.054112094162435 -0.05409734977862 0.0242003250458987 943.189487031513 900
0.458 0.0476101126559737 -0.0573623155001065 0.0208037059167354 922.322108728536 900
0.459 0.0425628779351604 -0.05788947483775 0.0185185335196799 881.593863000985 900
0.46 0.0382055405879375 -0.0600995081217192 0.0165920153360069 876.611918820974 900
0.461 0.0339537249343019 -0.0625077939409794 0.0151351078274781 882.895413600951 900
0.462 0.0291798842992117 -0.0672771485897914 0.0135817510784554 924.755151572571 900
0.463 0.0248086769721823 -0.0685097558734617 0.0133728072236491 929.567263859144 900
0.464 0.0206171234609697 -0.0690051275500471 0.0136153935198758 932.066723033862 900
0.465 0.0171889840208195 -0.0662841257954719 0.0147498414306317 899.584090240976 900
0.466 0.0141524673509709 -0.0636039824349914 0.0157827557238446 872.913604243071 900
0.467 0.0111069865987888 -0.0633990553042537 0.0158680368140121 882.710076233667 900
0.468 0.0083458769378587 -0.0635151982571631 0.0154881867115706 898.996662568599 900
0.469 0.00552180704628178 -0.0654200671564684 0.0140951233906775 938.451230189809 900
0.47 0.00353599364536066 -0.063760569729055 0.0133117795929256 926.036671506295 900
0.471 0.00179666971158862 -0.0615285995251459 0.012297179532835 898.64805852025 900
0.472 0.000284719549994722 -0.0595807659955167 0.0109601608712027 865.945793169594 900
0.473 -0.00157281519710936 -0.0607750181863793 0.00847574478221156 866.126499531932 900
0.474 -0.00364910978924486 -0.0647450721023846 0.00513154452079181 893.287139584371 900
0.475 -0.00542567097193596 -0.0685418967849541 0.0018911899077768 912.731638405302 900
0.476 -0.00718037786093937 -0.0733497526956385 -0.00151624468074921 941.419348870136 900
0.477 -0.00805562251438818 -0.0751716740994545 -0.00369847688019675 925.107663759814 900
0.478 -0.00864339669321374 -0.0770197768801986 -0.00564996839721254 903.803411237797 900
0.479 -0.00888521523997852 -0.0786018718302285 -0.00731579407242242 869.81654174756 900
0.48 -0.00937524910126105 -0.0832571018269345 -0.0098318014531853 866.566577028972 900
0.481 -0.0100716726337967 -0.0902430361762 -0.0128703468576624 889.355569075166 900
0.482 -0.0105486618333176 -0.0956384876155762 -0.0147199931768941 910.513915137298 900
0.483 -0.0107991716955143 -0.0968694445697367 -0.0136613567194175 938.461329423552 900
0.484 -0.0102179643106836 -0.0893384893861911 -0.00740207109483905 929.468509591406 900
0.485 -0.00942745082094864 -0.0796934691785147 -1.43898808198767e-05 905.355638608043 900
0.486 -0.00862098871987803 -0.071097497207682 0.00667163331683722 868.712203734434 900
0.487 -0.00838571691238833 -0.0672156591515519 0.011222088908406 866.574136329299 900
0.488 -0.00851438159246456 -0.0664049087413835 0.0143050567456726 888.351642975866 900
0.489 -0.00865902522440646 -0.0661362020605757 0.0169173887076239 910.15734035654 900
0.49 -0.00888651964047906 -0.0667979622294958 0.0189885091732874 939.942289559373 900
0.491 -0.00860961078351326 -0.0647055520018831 0.0217046727997468 928.707585368925 900
0.492 -0.00815681039461356 -0.0619533964345818 0.0244003010145023 904.117144697277 900
0.493 -0.00754363754615537 -0.0584974443869991 0.0270517089588163 867.117886238381 900
0.494 -0.0073449968979383 -0.0580332208965593 0.0285292006610421 866.581161996295 900
0.495 -0.00741971403081758 -0.0596103131919075 0.0291150796171199 888.349815909266 900
0.496 -0.0074942348216069 -0.0614020627307528 0.0294509945317224 910.088478386531 900
0.497 -0.00772526372270895 -0.0642362667922906 0.0292936570130257 940.229741207873 900
0.498 -0.00759837056230095 -0.0641926823568219 0.0298059968002829 928.474998668431 900
0.499 -0.00755658022516501 -0.0634303521670846 0.0302458513352604 904.314498826259 900
0.5 -0.00780114175683225 -0.0617228701956855 0.0304813468301144 867.048581750099 900
