# Fix print output for fix def1
0.00100000000000001 -0.13591047512213 -0.201039799353399 -0.137426304910014 1186.02864855872 1200
0.00200000000000002 -0.108275924745673 -0.172348045426156 -0.0843815688111044 1177.03816125428 1200
0.00300000000000003 -0.0963770572145235 -0.157576261434935 -0.0665513733886514 1160.81677886244 1200
0.00400000000000003 -0.107065960088807 -0.16478414663821 -0.029799054766573 1225.17612410105 1200
0.00500000000000004 -0.0557739935764388 -0.108323232982651 0.106252995680547 1244.39821591206 1200
0.00600000000000005 0.0740108780684457 0.0268100831432451 0.395599407554547 1243.5912046522 1200
0.00700000000000006 -0.144934213245005 -0.198120491337264 -0.08519997101088 1203.03021072999 1200
0.00800000000000007 2.64465105770503 2.66776264491135 6.19190305233296 1160.42507159583 1200
0.00900000000000008 1.22413401633554 1.77349941613789 3.94524856493581 1154.35020476614 1200
0.0100000000000001 1.54049318362777 2.07548414959685 4.67068423080733 1237.61037799785 1200
0.0109999999999999 2.17821149102687 2.69141765091933 6.02739727504269 1240.73494794805 1200
0.0119999999999999 2.79688124182581 3.29539612319648 7.33161624040529 1218.57267381681 1200
0.0129999999999999 4.51376574784418 4.98487267582446 10.9678780310915 1157.32058569241 1200
0.0139999999999999 89349.5266240971 88405.5006529581 196153.86581282 2.59480626041124e-08 1200
0.015 1.39709353885829 1.17680286335765 3.26021834327497 1165.10367185196 1200
0.016 0.84572680262472 0.605408562055754 2.07385873283326 1231.54116595129 1200
0.017 0.546603274426249 0.28868404502045 1.36730353302941 1241.63489439905 1200
0.018 0.384732234311475 0.110865226647455 0.962138854205287 1249.56414548078 1200
0.019 3.92081505026439 4.06341924895569 11.2161892420751 1207.72950954622 1200
0.02 -0.425713746445743 -0.30951835673693 0.572304506739081 1233.77964965981 1200
0.021 -0.477000292879003 -0.286211354219234 0.573070620053287 1252.51734465873 1200
0.022 -0.586429559004747 -0.469327120920018 0.539144260746157 1206.930696412 1200
0.023 -0.536825554921237 -0.366349829874971 0.561372005911137 1175.75420785789 1200
0.024 -0.451981106586281 -0.271248654471869 0.617415336292067 1143.72976116486 1200
0.025 -0.513467574119226 -0.196987375659536 0.657340599806621 1161.88275221371 1200
0.026 -0.6052150764918 -0.212160641715618 0.683537970948013 1208.1339155579 1200
0.0270000000000001 -0.610665161180372 -0.270599545839031 0.736399650508593 1230.02897996557 1200
0.0280000000000001 5.38422007014519 5.43944005055099 12.8709291903497 1171.61670278812 1200
0.0290000000000001 17645.9362496494 16222.433974169 44590.1217755584 951.294574518229 1200
0.0300000000000001 4.32705599031425 4.12801489379392 10.0894648812565 1164.28380401431 1200
0.0309999999999999 2.51450703472265 2.35289320142004 5.74736637104716 1181.76152897566 1200
0.0319999999999999 1.7511692948465 1.60773961989161 3.97708948505102 1208.34696925642 1200
0.0329999999999999 1.41076094831596 1.23787870592092 3.20046947354269 1247.79101645956 1200
0.0339999999999999 0.872625873365055 0.721599848346046 1.97720517861079 1233.11344094024 1200
0.0349999999999999 0.655172767101483 0.501930548530217 1.50298523043078 1199.0013602356 1200
0.0359999999999999 0.603907714390467 0.476491379204137 1.44071338094034 1150.60765949598 1200
0.037 0.381846333965666 0.254172889695853 0.958693548790786 1154.77785201871 1200
0.038 0.288177427146399 0.127206984986338 0.820611332969964 1191.94702085973 1200
0.039 0.244867396419451 0.0527750812174458 0.7405935271212 1231.71510086489 1200
0.04 0.333256268347994 0.342375067317224 1.47817282045027 1164.57497263462 1200
0.041 -0.203273971500048 -0.111493126643426 0.440081932438489 1183.21487928607 1200
0.042 -0.253304646990337 -0.189500109810592 0.411222206044433 1215.822031613 1200
0.043 -0.282561852077997 -0.23265873248252 0.322192361293858 1255.84252138141 1200
0.044 -0.262184274864443 -0.244144250045618 0.365876717072208 1234.53175359842 1200
0.045 -0.247252616920018 -0.24832386222299 0.363832326269441 1198.45583391843 1200
0.046 -0.241278145717647 -0.277871074011342 0.370046505373968 1153.2262180954 1200
0.047 -0.264285717580226 -0.325066716540544 0.324327924652042 1156.51755423522 1200
0.0480000000000001 -0.308319622113545 -0.37670025737812 0.249018944707416 1192.22821908749 1200
0.0490000000000001 -0.335810373721837 -0.411196935168447 0.211354534227621 1213.23746712759 1200
0.0500000000000001 -0.380208653786207 -0.464560265564464 0.140663942135195 1254.87896616115 1200
0.0510000000000001 -0.37440461628956 -0.446473417209627 0.12003208759685 1230.67552342636 1200
0.0520000000000001 -0.337495224711217 -0.388041569243712 0.0969257465448229 1193.36175538999 1200
0.0529999999999999 -0.288557950606055 -0.310618172648614 0.0794701493278484 1149.09488291529 1200
0.0539999999999999 -0.287145734730401 -0.292577206594281 0.0282495833754354 1155.35588144001 1200
0.0549999999999999 -0.292953122902096 -0.271086910305205 -0.0530530180283893 1191.14397913939 1200
0.0559999999999999 -0.280059004166795 -0.333244764347387 -0.148991403132228 1215.01921806084 1200
0.057 -0.269769821802341 -0.430641036333552 -0.255636944357195 1255.28734335365 1200
0.058 -0.235178636509753 -0.383209881585624 -0.297189157438344 1225.86448782461 1200
0.059 -0.192646827613783 -0.297089321506369 -0.311379943359033 1179.06273036836 1200
0.06 -0.161144347369415 -0.230438602726493 -0.327740302390262 1141.11125745196 1200
0.061 -0.139405466028323 -0.22156298485026 -0.302319341743106 1164.70860324251 1200
0.062 -0.0439983253484652 0.100505866308189 -0.108506545393096 470.239308304089 1200
0.063 -0.540832164504542 -0.197789892451535 -0.497882826436364 1233.07592459026 1200
0.064 -0.489285205443533 -0.165286075503234 -0.483098953401253 1240.42493623466 1200
0.065 -0.409456374583351 -0.120604586238437 -0.455844623624099 1214.5482506763 1200
0.066 -0.318342712642672 -0.0791895442802932 -0.397092211231904 1158.45118920793 1200
0.067 -0.320089895165871 -0.0649407224660827 -0.354160283132764 1159.25885564756 1200
0.068 -0.404405347946562 -0.059036009041423 -0.343456763352199 1204.53691263417 1200
0.0690000000000001 -0.434814050103414 -0.0346975485879131 -0.324342408894482 1230.43371947989 1200
0.0700000000000001 -0.400598664415035 0.00209908587949536 -0.266504835624584 1251.76894969129 1200
0.0710000000000001 -0.308912489024728 0.0724798598263223 -0.170692037910787 1220.87900206574 1200
0.0719999999999999 -0.205725611161541 0.156484195822736 -0.0611136415477616 1171.11144172041 1200
0.0729999999999999 -0.144006880744357 0.197280109529409 0.0341156875841375 1154.60877939802 1200
0.0739999999999999 -0.131102892826844 0.239334529306601 0.103493560916798 1177.72227802225 1200
0.0749999999999999 -0.156575772469819 0.263851291149866 0.160148243576007 1225.23922052331 1200
0.0759999999999999 -0.150965911969892 0.310881764015258 0.248993639501204 1234.81088509775 1200
0.0769999999999999 -0.0971032074296303 0.391564586277223 0.391031755549474 1216.32816105603 1200
0.078 0.00317849928859485 0.566213591754098 0.643658971426903 1163.17882693442 1200
0.079 0.795356822328716 0.980549884271067 1.3475384111266 1159.29294558993 1200
0.08 0.442191540715044 0.441265201720163 1.21725085841467 1228.5009593609 1200
0.081 0.0556892105034818 0.0871903965793547 0.765808220198825 1250.00227981025 1200
0.082 -0.0643850702384725 0.191181243362034 0.668979000760752 1198.76205499077 1200
0.083 -0.016753142168976 -0.0803109480014234 0.598890791738834 1173.20912881647 1200
0.084 -0.0137779360868258 -0.0603775334805962 0.559337320990699 1149.07385061543 1200
0.085 -0.0354732561997576 -0.107837418745467 0.517077308733776 1186.5938278595 1200
0.086 -0.0678605686540021 -0.158589653481461 0.470948837502362 1227.72888655581 1200
0.087 -0.100409101704271 -0.197777015134234 0.426573145157942 1253.63314161955 1200
0.088 -0.0965112154280674 -0.179016468561625 0.404130998868794 1206.89861852736 1200
0.0890000000000001 -0.0895327222146296 -0.161691441361496 0.388691502789587 1175.26624879454 1200
0.0900000000000001 -0.0561223480536157 -0.136542854512087 0.386869219060531 1143.12728529742 1200
0.0910000000000001 -0.088909426403872 -0.171384880483092 0.357258628348341 1192.3238281479 1200
0.0920000000000001 -0.130973681757039 -0.200506982585256 0.314674932145306 1229.54140215227 1200
0.0930000000000001 -0.147005161701009 -0.202442876094003 0.300576994104 1231.77142363497 1200
0.0940000000000001 -0.151658308158353 -0.196739969920718 0.300983530257271 1223.35815731242 1200
0.0949999999999999 -0.1279091812955 -0.166606400237913 0.313801687216938 1177.65621896199 1200
0.0959999999999999 -0.120609573513441 -0.157665579373178 0.321378020322134 1161.74985876371 1200
0.0969999999999999 -0.119534670321279 -0.153731087152197 0.327514486254346 1156.59721177541 1200
0.0979999999999999 -0.126599984102571 -0.187028488198984 0.311508269630254 1187.93910438398 1200
0.099 -0.139984626774055 -0.213371773838288 0.322408085314303 1228.90351721641 1200
0.1 -0.144216698243175 -0.191292866117642 0.359917678665892 1229.52223354289 1200
0.101 -0.147553622514888 -0.189552690100362 0.347947665760787 1229.04549575033 1200
0.102 -0.134681053937209 -0.177466148420597 0.322909638677027 1184.15127605054 1200
0.103 -0.146968748897195 -0.202129920504377 0.275012028032435 1160.95239752033 1200
0.104 -0.166928915610801 -0.245459219332114 0.227623072686022 1157.52013343054 1200
0.105 -0.202307189840354 -0.298624052796171 0.206311964974173 1207.51296964859 1200
0.106 -0.213173470401064 -0.251534684965183 0.263771474876611 1232.41474375414 1200
0.107 -0.209743902616074 -0.229582064269956 0.261999024798353 1226.213517867 1200
0.108 -0.210091491089077 -0.212915230265385 0.241163983222318 1183.25677614085 1200
0.109 -0.238087821999551 -0.216631017148554 0.214397301556947 1154.92497067401 1200
0.11 -0.291127755766512 -0.246879417597742 0.186404160308232 1170.39114647063 1200
0.111 -0.339338111253361 -0.281385541388712 0.164544904717969 1215.99124672101 1200
0.112 -0.360909823118185 -0.294578260945043 0.158239975580736 1255.05226480367 1200
0.113 -0.333477618568975 -0.258116287025856 0.176817080475324 1235.48015055497 1200
0.114 -0.289283510455272 -0.20201845533261 0.20773150990736 1192.36962604117 1200
0.115 -0.257297787729245 -0.153741544615135 0.241062152817112 1162.43731826842 1200
0.116 -0.24982499605666 -0.125386831192213 0.27784338964168 1169.15410853597 1200
0.117 -0.210355243431158 -0.0684629828897212 0.384097900114519 1208.04137985582 1200
0.118 88.8963918720871 90.2302186255715 130.06155807135 1233.299299855 1200
0.119 0.338042289489201 -1.00606541802049 0.514349934807974 1244.60510593416 1200
0.12 0.340772842132687 -0.957444363356467 0.518518241547476 1218.8614095796 1200
0.121 0.352186577721506 -0.922139399931011 0.53792920181858 1212.52897962538 1200
0.122 0.374604988339035 -0.808221574181608 0.573896944021012 1160.29157225156 1200
0.123 0.397190108122921 -0.74416404351747 0.61868036238976 1160.51457602044 1200
0.124 0.426467289364201 -0.712021028390423 0.654017038343147 1186.93093894583 1200
0.125 0.437124983277576 -0.80577136099806 0.634017520202016 1240.40271826259 1200
0.126 0.589940351199339 -0.788638688424141 0.63909657166578 1244.98718114896 1200
0.127 0.397941305339332 -0.70684358727031 0.685038914466587 1218.91762261779 1200
0.128 0.41745819754514 -0.602601024444965 0.747667077793921 1198.36710457111 1200
0.129 0.469298340971099 -0.464240034496944 0.81906988470522 1156.6274857242 1200
0.13 0.537883449237753 -0.361399820536108 0.895234000415908 1159.74286139921 1200
0.131 0.61209027425075 -0.270332495175516 0.991464183923842 1182.64349956151 1200
0.132 0.680356688599354 -0.193092578792194 1.11756306056992 1234.98392129826 1200
0.133 0.766848528349027 -0.0232400063402525 1.3021738280307 1246.3801209434 1200
0.134 0.885383739478356 0.257191752522688 1.56249862216291 1220.2119510754 1200
0.135 1.05415638347357 0.637302124320174 1.92849600899493 1189.71257091004 1200
0.136 1.31450591042437 1.16589056505037 2.45819169034879 1156.97285412681 1200
0.137 1.71662053303914 1.88437860575257 3.2423812389623 1160.76788496875 1200
0.138 2.3842555833611 3.00300368507336 4.49797109864118 1182.48814962726 1200
0.139 3.45450538751503 4.80591264127738 6.5074644588013 1233.82849995783 1200
0.14 5.30487238882647 8.19328889385551 10.0406080287968 1243.1372586674 1200
0.141 8.73183704740423 14.1126666813766 16.3281682602782 1226.0805914954 1200
0.142 13.9265204502627 23.1405246361129 25.8697392936255 1200.39958720736 1200
0.143 17.6670900465265 29.760640614484 32.7451784344716 1157.71762563168 1200
0.144 14.8631351293498 25.0185463854763 27.5779893957566 1168.23326027484 1200
0.145 9.46777085181504 15.7425359844075 17.6200390011512 1213.37339408727 1200
0.146 5.66186287457628 9.0239482343752 10.5186877766031 1255.92850334133 1200
0.147 3.70692931124096 5.55186544758278 6.79813184761818 1238.32799520109 1200
0.148 2.37946808596914 3.22744051501761 4.32089693008565 1193.9011173993 1200
0.149 1.70836770721906 2.05277298035974 3.09152803001434 1176.61938367471 1200
0.15 1.28950983805776 1.32152756636623 2.32456709732068 1156.87884723333 1200
0.151 1.00926959430516 0.761896521923224 1.81478860507078 1218.71601389688 1200
0.152 0.843754405544701 0.424371521668094 1.49306548050163 1238.85278555651 1200
0.153 0.742682562821569 0.217006827481446 1.28400775404869 1234.84407259936 1200
0.154 0.686292119861747 0.132910110619884 1.15059140738317 1183.9278996622 1200
0.155 0.628379832305524 0.082879133662748 1.04263329569803 1161.55293615432 1200
0.156 0.594061765515964 0.0366781472106382 0.98493764873681 1176.35589812454 1200
0.157 0.621980118104679 0.0342164374732068 1.01149349779053 1191.91386877943 1200
0.158 0.667052821649887 0.121344689496738 1.07220553665368 1229.44950672608 1200
0.159 0.818169935895205 0.350724075606087 1.24968581032099 1181.7669752429 1200
0.16 1.05702794627844 0.642331552061357 1.52684123504219 1168.47936521823 1200
0.161 1.36054271823577 0.962742010138134 1.84713015197855 1170.58676401439 1200
0.162 1.60163741525112 1.15322895810645 2.06862626524799 1215.20207315126 1200
0.163 1.62233967034407 1.13645345996625 2.06514528514157 1238.08153952242 1200
0.164 1.43913271783575 0.89653407008026 1.80626172975748 1245.00862297916 1200
0.165 1.16629247298324 0.601699044829747 1.44670879567691 1196.31804828213 1200
0.166 0.897625636866344 0.306233322180413 1.11013191231765 1168.79903550441 1200
0.167 0.681643425672632 0.0498351769497555 0.846014401625464 1173.86315595682 1200
0.168 0.522147553744859 -0.138377276964414 0.650771221622176 1179.48031988915 1200
0.169 0.396683837589703 -0.316536793396664 0.504435765509808 1228.7270487656 1200
0.17 0.313478956302368 -0.418768682334292 0.412617711745321 1242.75669089534 1200
0.171 0.254202645918562 -0.481402522098398 0.349082898618875 1241.18478765678 1200
0.172 0.219471004466668 -0.487756647079092 0.307836477540929 1196.34974635588 1200
0.173 0.192525353670511 -0.493002586358702 0.276259715322741 1168.9139084176 1200
0.174 0.15689985251493 -0.522702039413976 0.240288554064089 1172.65437201731 1200
0.175 0.0792186867379879 -0.621622262366002 0.200655519542967 1178.41075684848 1200
0.176 0.0197758690021918 -0.71576383084239 0.18396249206675 1224.42222729329 1200
0.177 0.0107805371130889 -0.727866490870937 0.173763891460864 1241.90613291988 1200
0.178 0.0163611091493137 -0.699489853189984 0.170983069800371 1227.36831492823 1200
0.179 0.0417011638896804 -0.611982984218192 0.184476722661539 1161.06212833703 1200
0.18 0.0520974909466953 -0.582705929837209 0.193167307150842 1159.22601882992 1200
0.181 0.0629629535462645 -0.556032658524792 0.20792787649281 1166.28679426378 1200
0.182 0.0599317062238963 -0.571541549045666 0.218142556010339 1221.08174397091 1200
0.183 0.0640697024048234 -0.546996265746372 0.22397925221925 1239.42202144636 1200
0.184 0.0787292036835186 -0.496141817424482 0.259107885710534 1238.15346099087 1200
0.185 0.10883831881004 -0.399855590154421 0.310898332607594 1198.54840356187 1200
0.186 0.158701690157781 -0.286566868361399 0.396705166541597 1167.54969204184 1200
0.187 0.336619752581785 -0.0313709316308214 0.667397409279404 1172.04043730499 1200
0.188 5.32652772017024 6.62404805997898 7.54738329026931 1193.55196013243 1200
0.189 0.177116080948456 -0.609689215563838 0.289421564321318 1209.57091025577 1200
0.19 0.202150601510605 -0.613820247005637 0.311991988663203 1256.62210645491 1200
0.191 0.175892970728081 -0.76913527780624 0.293267289002619 1241.91266084873 1200
0.192 0.155370461162194 -0.795526033564026 0.267561689376741 1204.57955943957 1200
0.193 0.170536844491069 -0.743120410027631 0.271265616769285 1183.15072103571 1200
0.194 0.204104100466727 -0.687603864429464 0.293363777070675 1148.79247280865 1200
0.195 0.217086642187276 -0.684833190141135 0.293250837909502 1173.22859940964 1200
0.196 0.220490407629639 -0.721362656747568 0.285426763909562 1214.2234135979 1200
0.197 0.215705970194954 -0.76982954420125 0.272412313227927 1258.39334790246 1200
0.198 0.217977795060666 -0.734621447094733 0.267009367365269 1238.50958611347 1200
0.199 0.23100155215413 -0.690224256046114 0.276270608414271 1196.84045541418 1200
0.2 0.228737322782486 -0.633885843411422 0.27094513002122 1176.09485431699 1200
0.201 0.225614568780261 -0.577558595300933 0.26689309625641 1153.14377059901 1200
0.202 0.209409757521245 -0.604683581717842 0.253601445851994 1190.88911165401 1200
0.203 0.194165527089086 -0.621096750272008 0.244057640153749 1212.88734805547 1200
0.204 0.182289128454944 -0.695243581888496 0.239102532964191 1248.4161804354 1200
0.205 0.174072177017111 -0.663645399460773 0.233785849251586 1221.90088625514 1200
0.206 0.169824386427229 -0.6035731423867 0.241216771982446 1186.95404189781 1200
0.207 0.171066761828611 -0.508941989983823 0.283635012941897 1147.3648781833 1200
0.208 0.160867561677724 -0.598646009100519 0.216170881243658 1160.36043930388 1200
0.209 0.156000306645601 -0.659058591214544 0.216944091440373 1208.09714903885 1200
0.21 0.165391534190569 -0.705091343339698 0.217589291740326 1221.80329232997 1200
0.211 0.182740401486814 -0.783835163463557 0.220334019418966 1243.42749346269 1200
0.212 0.210901923826844 -0.769416967558847 0.23326882745055 1201.1737268178 1200
0.213 0.230609910680525 -0.749474277161098 0.243959331180923 1184.97972713381 1200
0.214 0.414059291970144 -0.724122612173162 0.287853858665849 1145.83543953593 1200
0.215 0.613486075816819 -0.796459503806421 0.263236226694988 1170.76915065575 1200
0.216 0.675004570481252 -0.833248948855626 0.202948996201246 1205.35250016635 1200
0.217 0.666154566140853 -0.867019527799018 0.160039392214324 1259.83977193434 1200
0.218 0.630311979047519 -0.811092142200097 0.149200654050617 1245.43456919997 1200
0.219 0.598175657997686 -0.746493206259322 0.152568215817376 1205.58636638107 1200
0.22 0.57812744575533 -0.674457724383273 0.165303320374976 1150.9301910599 1200
0.221 0.549801704179914 -0.671880007616148 0.171417758368851 1156.40499388358 1200
0.222 0.541505774758299 -0.600249252608526 0.187134240041739 1189.59196797906 1200
0.223 0.52909592218079 -0.547272032866362 0.194289263722117 1218.13938987938 1200
0.224 0.509912288050759 -0.587685673922011 0.185043019992656 1255.28214184699 1200
0.225 0.476064142453258 -0.588395484414795 0.180207074428139 1228.56761381357 1200
0.226 0.433855457431211 -0.597903699271231 0.170242060881546 1193.74488399298 1200
0.227 0.39943547051609 -0.5927369193191 0.16058119711393 1149.8848513187 1200
0.228 0.380875697430927 -0.620924245267554 0.153195182043564 1153.71727566246 1200
0.229 0.678970592122581 -0.433586152043481 0.400707955024323 1195.60098608779 1200
0.23 214.947450002819 259.689646339238 251.373710689872 1264.37652947876 1200
0.231 0.388106459512756 -0.89075311327633 0.211428858840275 1198.86914998729 1200
0.232 0.374415816581672 -0.879309725734785 0.220742145253093 1230.42996568654 1200
0.233 0.394716096155129 -0.785251881090255 0.229990879987133 1244.17283647309 1200
0.234 0.391413896893809 -0.741658003577569 0.24201348912343 1222.991113929 1200
0.235 0.370888889456385 -0.615987062624805 0.273286032545633 1175.21375230768 1200
0.236 0.354028316825959 -0.774760031382012 0.238524295566098 1173.25930443627 1200
0.237 0.367723095576402 -0.760698656345154 0.242196757928491 1177.6305375547 1200
0.238 0.378439686004385 -0.805019726294224 0.249456258174975 1230.81288031335 1200
0.239 0.380795277848513 -0.803189188492595 0.26139434156145 1242.29076600396 1200
0.24 0.376287318838888 -0.790930100608828 0.268683061560239 1237.53091977852 1200
0.241 0.375839560876642 -0.738405221623065 0.272447736895339 1200.14256279974 1200
0.242 0.378229411351412 -0.687211389848555 0.273103201155083 1167.66929445864 1200
0.243 0.383052526316112 -0.679232529745077 0.27312016075647 1168.20486151262 1200
0.244 0.389551466537293 -0.709806674189949 0.274321139991473 1197.82832252126 1200
0.245 0.397381156524315 -0.766215335085498 0.277929254813319 1246.76638714893 1200
0.246 0.41671360846938 -0.736489793969069 0.289796060610552 1232.18707271081 1200
0.247 0.441837403425524 -0.678538804527395 0.302694822928061 1202.63124641237 1200
0.248 0.458405137247164 -0.591994993783723 0.323152624437164 1159.09314931844 1200
0.249 0.488219306195194 -0.562132862119451 0.330635889944474 1162.01726005848 1200
0.25 0.488013244750592 -0.541912164036954 0.316966635167019 1186.7576899663 1200
0.251 0.51258563283876 -0.603070371359021 0.325095291924105 1248.20592435362 1200
0.252 0.562934428126072 -0.563049330683563 0.359648058604633 1240.32128310041 1200
0.253 0.67176435293171 -0.324793351395073 0.500625705520975 1207.82664936376 1200
0.254 0.766757039990923 -0.136747912867299 0.564460214342577 1148.97213329174 1200
0.255 1.00702597624631 0.011741926796 0.739067844028709 1159.95393132458 1200
0.256 1.54882958829914 0.364094466009848 1.15492722399359 1199.85884155035 1200
0.257 1.51873483461685 1.49195798090642 0.171077787178673 1232.5019967549 1200
0.258 0.0519745078203181 0.412333211523448 -0.784516043235583 1199.23393606497 1200
0.259 0.00959779690803739 0.396156984152345 -0.781567714623959 1165.86379540013 1200
0.26 -0.006124639908399 0.396921397714499 -0.777867477191569 1161.21241009309 1200
0.261 -0.020485036571162 0.38641219404254 -0.82848948987774 1210.14194887113 1200
0.262 -0.0225375670019448 0.385211382973767 -0.855874431151573 1237.28585101774 1200
0.263 -0.0153146094480048 0.40070622589122 -0.840873721947362 1230.08498513015 1200
0.264 -0.00482756071105197 0.425268433134914 -0.822299463443577 1202.40091326997 1200
0.265 0.0272365567855956 0.446696692738043 -0.810263901643274 1156.94457426053 1200
0.266 0.0524949924611591 0.443118964775366 -0.845522862653735 1160.1434384561 1200
0.267 0.0579090982547844 0.42902581648532 -0.930238877591939 1168.65374400526 1200
0.268 0.0396361756107539 0.371312360876332 -1.02835554180281 1217.43647083483 1200
0.269 0.0559575038268973 0.340791609920728 -1.08136359493156 1235.11425044562 1200
0.27 0.0596201266509923 0.334884559084286 -1.0921057700271 1223.09520000094 1200
0.271 0.0640618773741163 0.330443527602374 -1.08944384096796 1208.96310375765 1200
0.272 0.0781265628894062 0.330606162153109 -1.03947848581139 1157.54437611619 1200
0.273 0.0851000901165203 0.318696414119201 -1.05679477478147 1158.8720629285 1200
0.274 0.0833331060354431 0.284564631481749 -1.04223325640371 1180.72334758601 1200
0.275 0.0729238884111393 0.236990558742281 -1.03900656289624 1234.56290002488 1200
0.276 0.0689121562634849 0.187165259642465 -1.01260524447626 1240.79820945298 1200
0.277 0.0715602232182138 0.102235288398789 -1.03396343970227 1195.14840346279 1200
0.278 0.0763279902053593 0.0915735913978952 -1.00025618745711 1176.6416424238 1200
0.279 0.0907948878302737 0.0902656717656759 -1.0287756409381 1159.00149423934 1200
0.28 0.0409436909250472 0.0831603542398609 -1.03756048182378 1201.10021665079 1200
0.281 0.0712257214472107 0.0973603584312157 -1.04388632612902 1223.82077229292 1200
0.282 0.00887061538140734 0.0889633983953999 -1.05759881485571 1251.97071801267 1200
0.283 0.00976559859994496 0.105783457689685 -0.990639499454973 1215.54019585693 1200
0.284 0.0196992889033177 0.131002851163676 -0.934824199040263 1168.19662152566 1200
0.285 0.0460114881049304 0.152981353257622 -0.877925267141126 1140.90635598651 1200
0.286 0.0423758673615759 0.165119457478096 -0.863991714389491 1170.8225955853 1200
0.287 0.0524481689630604 0.177907809877914 -0.859919020544291 1213.05318078929 1200
0.288 0.0704277341852076 0.193167211713626 -0.842313431535725 1228.29760922444 1200
0.289 0.0754222559941182 0.183773604708125 -0.82670088869669 1248.68770293789 1200
0.29 0.0880443609144398 0.170890404100571 -0.775368188471937 1212.6746224222 1200
0.291 0.0979005741385417 0.138785338746953 -0.726775495767683 1177.89737394534 1200
0.292 0.118161089806628 0.112697107483565 -0.676642442046666 1143.47755462253 1200
0.293 0.154899563906168 0.0977243802823852 -0.636037794378563 1160.35445786943 1200
0.294 0.318525682726816 0.225291144259869 -0.441688399135889 1210.35610202047 1200
0.295 6.26544209585974 6.73031005403763 7.1529306948162 1238.56893758036 1200
0.296 0.282829692766763 -0.145715582514363 -0.174089028858925 1143.59460792657 1200
0.297 0.0317182891036018 -0.44090106941414 -0.4934341015134 1158.60757319811 1200
0.298 -0.0261022341927089 -0.538902099348778 -0.575011421740422 1212.15636701999 1200
0.299 -0.0509781805974437 -0.569957601493965 -0.604200148089578 1219.66734925805 1200
0.3 -0.0594844463490507 -0.589063844385766 -0.6336810895926 1239.31019676636 1200
0.301 -0.0338792352706413 -0.536806691379141 -0.621113092292814 1189.5301835821 1200
0.302 -0.0311399907651618 -0.491208986555751 -0.614928140459032 1159.07608494003 1200
0.303 -0.0273762082826393 -0.457162862988606 -0.618472952252116 1155.24430899457 1200
0.304 -0.037818350181976 -0.451145482069464 -0.68175596130148 1205.03403396505 1200
0.305 -0.0421244441312725 -0.425196933335093 -0.719737290310178 1237.20275478395 1200
0.306 -0.0427387373333902 -0.381096698224536 -0.732716812179576 1237.73363323152 1200
0.307 -0.0343394356999871 -0.307266823114785 -0.689849955367673 1190.50746316479 1200
0.308 -0.0343951954497424 -0.267374980868182 -0.66940538458975 1166.90570763937 1200
0.309 -0.0398256089722611 -0.24784883737389 -0.653917721111515 1169.56091750144 1200
0.31 -0.0439792036219958 -0.228745237318978 -0.632117108605588 1180.23710689246 1200
0.311 -0.0504142370865794 -0.208959676054355 -0.614700275329698 1227.67576284849 1200
0.312 -0.0383669456664754 -0.118239526554123 -0.554364833666773 1241.7118675985 1200
0.313 -0.00824197830810259 0.00877623250908104 -0.475575100193474 1240.44380397731 1200
0.314 0.053243356061163 0.14752314567152 -0.371377064795305 1188.59542043466 1200
0.315 0.138967230094108 0.297227751347415 -0.244117199455588 1162.7482250084 1200
0.316 0.255261881499262 0.457686158855489 -0.0985098544590076 1186.26928894566 1200
0.317 0.421920743532203 0.663148458356165 0.0972286865880145 1195.49103859067 1200
0.318 0.600688536380552 0.881335875811172 0.294663392139154 1232.3986070355 1200
0.319 0.812732273108779 1.12291421976409 0.560923802424169 1226.87084142567 1200
0.32 1.8996646518187 2.36231814975544 1.98556593625487 1209.00925615085 1200
0.321 59.9380399419198 69.6469526181926 79.0544072581609 1221.2883170818 1200
0.322 2.07042612889439 2.65232783697401 2.24497094350921 1191.56713368115 1200
0.323 0.517412004738461 0.734662075780626 0.151871361349309 1157.07797748065 1200
0.324 0.253314568626136 0.347975795574219 -0.237090512834216 1183.32452209952 1200
0.325 0.112898022423581 0.169881127795365 -0.380161823244535 1192.5556835199 1200
0.326 -0.0201315108882925 0.0454698096071977 -0.48414168093285 1240.15550506315 1200
0.327 -0.164295879832004 -0.0637023159838427 -0.560569504437555 1240.5875988579 1200
0.328 -0.168444560020265 0.0044149701916174 -0.504150336149036 1227.76016043432 1200
0.329 -0.139850972828894 0.00866019631612698 -0.501024917888365 1161.5476386089 1200
0.33 -0.0655191739206356 0.00701887312851421 -0.513906095676856 1156.83584151318 1200
0.331 -0.0624806756678683 -0.00255801673342127 -0.536321341903895 1181.37511480811 1200
0.332 -0.0946317969901469 0.00111965165676885 -0.565946561062058 1205.33402468352 1200
0.333 -0.0892594014928568 0.0289607126067964 -0.582460150204633 1245.07255691156 1200
0.334 -0.0942960573112753 0.0691805244490491 -0.582055962713035 1240.39055702247 1200
0.335 -0.0949421393647999 0.11248843633395 -0.574992674288522 1221.63705904442 1200
0.336 -0.0666052927224269 0.183669265733842 -0.539690307376196 1162.95597043826 1200
0.337 0.0638068230055872 0.427118075878466 -0.467926235310365 1158.00149781577 1200
0.338 0.03810501441985 0.0423582229100336 -0.430577795217979 1186.66521232563 1200
0.339 -0.0893163077664822 -0.182392385955391 -0.497631085364859 1235.53208764547 1200
0.34 -0.103138211974578 -0.226996834968226 -0.491624665347477 1241.03943040562 1200
0.341 -0.0921137595837394 -0.243177061258641 -0.462189862950302 1224.44489318885 1200
0.342 -0.0358802461351246 -0.207238585254762 -0.388611259576184 1161.35583115787 1200
0.343 0.0949008363783967 -0.1384539515626 -0.270549178713863 1162.80400430293 1200
0.344 0.567872959978977 0.118598273171243 0.0488276810025672 1170.69484892268 1200
0.345 1.90653667988218 0.889109260176253 0.974791488211421 1222.2054355665 1200
0.346 1.16011980829303 0.370022503963235 0.629390433659725 1237.22550547544 1200
0.347 0.12401811306542 -0.253198565688125 -0.000859454142140863 1219.15010311484 1200
0.348 -0.173998150336992 -0.410307473443344 -0.172632486889719 1202.31515920362 1200
0.349 -0.267687561264596 -0.424090495188443 -0.207799543632924 1153.56384808527 1200
0.35 -0.317916747282256 -0.438652122882612 -0.219488201643279 1160.74393662603 1200
0.351 -0.361099507591848 -0.470454907380331 -0.225733513134002 1183.72898867265 1200
0.352 -0.390082975282007 -0.50892816936069 -0.217110947269504 1235.93887585515 1200
0.353 -0.392668811019251 -0.528209994933474 -0.205902446128781 1245.87099634508 1200
0.354 -0.373845788104426 -0.516842526807328 -0.184743615577111 1213.9577499461 1200
0.355 -0.350159181792285 -0.48841232967819 -0.157414046979774 1181.18160294093 1200
0.356 -0.327862849279479 -0.494919934825408 -0.15878939960543 1153.4583202591 1200
0.357 -0.326105447423512 -0.562283630115036 -0.243085503930241 1180.04264692676 1200
0.358 -0.337498356359306 -0.583960829821869 -0.253075092536205 1218.21905031049 1200
0.359 -0.335219292407301 -0.586633154975963 -0.251677130973853 1256.92610379292 1200
0.36 -0.308500150052736 -0.546041524723931 -0.225814477557407 1235.71540325431 1200
0.361 -0.256555065772432 -0.475575877017454 -0.170509798497026 1190.90377998971 1200
0.362 -0.154115358480059 -0.370389895283404 -0.0597925687757869 1168.39979468887 1200
0.363 0.204373994693452 -0.0521741679893353 0.301411872534979 1154.28803136089 1200
0.364 3.06866613476692 2.32693382920357 3.02891306154044 1205.24754292035 1200
0.365 7.66296607673805 6.30525297608371 7.514026532792 1218.10949383239 1200
0.366 4.09069666850621 3.47337426955798 4.0394419959306 1249.25416610396 1200
0.367 0.258403733371734 0.342231926915151 0.211978615959786 1225.10606780546 1200
0.368 -0.137249238743273 -0.0168397590445101 -0.193581833645704 1186.03346001801 1200
0.369 -0.240490429927825 -0.237786283339252 -0.29075300646805 1168.37922708185 1200
0.37 -0.275603692483334 -0.403611987943538 -0.326425345110077 1156.96058008901 1200
0.371 -0.300890708927116 -0.516202672980626 -0.356317064769224 1198.75945739457 1200
0.372 -0.320741447602216 -0.584483146175035 -0.384167084887153 1232.5939588186 1200
0.373 -0.313693868513787 -0.608060161654063 -0.434945911369384 1259.98145699175 1200
0.374 -0.28530241133944 -0.561585556574314 -0.43040699557756 1199.96249472199 1200
0.375 -0.273072241885515 -0.539208002748289 -0.418913071324603 1169.38419770262 1200
0.376 -0.267542906378614 -0.540461197116419 -0.404816774927508 1173.26095781165 1200
0.377 -0.27368160426744 -0.54203161750512 -0.410323425759004 1179.98033725222 1200
0.378 -0.287345393190858 -0.568450053982743 -0.454110188563734 1232.02436895595 1200
0.379 -0.298781515597959 -0.551148255677141 -0.459422629295711 1240.5634156638 1200
0.38 -0.31128421231496 -0.490543106322891 -0.458820236253972 1239.52668005059 1200
0.381 -0.313215918816281 -0.417068965825341 -0.45014332072081 1197.13010781755 1200
0.382 -0.317655090506087 -0.361047771333524 -0.449382443164575 1169.4696796189 1200
0.383 -0.310622988573245 -0.29397367950492 -0.447870389857818 1144.2084708659 1200
0.384 -0.337950787204093 -0.264429578707849 -0.449072219237012 1171.21134963093 1200
0.385 -0.251060107203286 -0.249724157495169 -0.484339678679241 1214.16932351953 1200
0.386 -0.33952733305034 -0.307328229030571 -0.477324595409622 1228.50209439242 1200
0.387 -0.345887258759256 -0.373303991725236 -0.486803755636872 1249.516835815 1200
0.388 -0.338714779892388 -0.414827614357373 -0.481938885059127 1205.80450524338 1200
0.389 -0.307680375557246 -0.430445635688826 -0.411537199473505 1172.00038222912 1200
0.39 -0.303693626799996 -0.471354350931169 -0.423789333382744 1143.84791959632 1200
0.391 -0.310036434815695 -0.538448394933167 -0.444772623397401 1181.87295929757 1200
0.392 -0.305260868975141 -0.590302163188809 -0.458066247956818 1227.5448219911 1200
0.393 -0.283468072221536 -0.605225912605667 -0.453299310151392 1254.93375313994 1200
0.394 -0.241937719914097 -0.57084668514987 -0.428531506808673 1218.01653740541 1200
0.395 -0.132598886148597 -0.47023463000923 -0.382039747893745 1170.83164600222 1200
0.396 0.0674418161801647 -0.293592325512042 -0.301394684196968 1145.89054039377 1200
0.397 0.45817278869931 0.0327397575448133 -0.144110172352416 1163.8025887988 1200
0.398 1.11390986619336 0.567859605070851 0.121429232178323 1209.36617918908 1200
0.399 1.51859755015192 0.879572390564621 0.246782901975648 1222.06851286149 1200
0.4 1.06528610430735 0.54654080700882 0.115616355069381 1239.65617532139 1200
0.401 0.560421058498803 0.149099068901108 -0.108934700392855 1202.62432123626 1200
0.402 0.280751349243597 -0.0991572883966741 -0.287313527861262 1169.100786146 1200
0.403 0.129757660019294 -0.226486121721193 -0.370829007059542 1152.07407867161 1200
0.404 0.0534550877772036 -0.327966563451338 -0.431264317415625 1197.53116462518 1200
0.405 0.0204886731233155 -0.384042891517902 -0.460524560911575 1232.02746493931 1200
0.406 0.0254292570256059 -0.395404405181316 -0.460144389512017 1256.69734848182 1200
0.407 0.0745501762377806 -0.306346452024301 -0.398447350891063 1205.45156515065 1200
0.408 0.116924027102824 -0.209233653636541 -0.356005135076541 1173.19237115705 1200
0.409 0.135900608240591 -0.114278730369884 -0.359826213705875 1175.03999907864 1200
0.41 0.146314865841669 0.0213064449254963 -0.33432940050117 1178.42059901481 1200
0.411 0.114991388693249 0.0776202107032854 -0.352795343784915 1227.99493483444 1200
0.412 0.0436348043536997 0.0154386220282027 -0.393350682192011 1241.76945346013 1200
0.413 -0.000490927868512997 -0.0287444200353693 -0.388273789704098 1229.3433911222 1200
0.414 0.00122539933117733 -0.137074539225851 -0.364033421740637 1176.53550667367 1200
0.415 0.0157090041402086 -0.246049660065918 -0.344313129732773 1156.97258082271 1200
0.416 0.0309275133587176 -0.306018556509568 -0.330136481726008 1175.98100717033 1200
0.417 0.0332576668718947 -0.347390983945102 -0.322345847060346 1228.89264236432 1200
0.418 0.0249923087197354 -0.352280717589316 -0.303951462922565 1243.47899509329 1200
0.419 0.00186894770006392 -0.3342517610375 -0.280017779803195 1225.89179676543 1200
0.42 -0.0355357209296739 -0.305189945510929 -0.255420098075983 1199.72849945468 1200
0.421 -0.0711331072816125 -0.262368610000108 -0.231136963294964 1163.95219838289 1200
0.422 -0.0839059712309664 -0.218700770575349 -0.209539295656043 1178.28981927777 1200
0.423 -0.0340588564567371 -0.11871406850256 -0.168104493733781 1193.23880825265 1200
0.424 0.0565099221500385 0.0361523925646414 -0.102401398480519 1239.26948040991 1200
0.425 0.232615345000475 0.357887622103894 0.0360258281394156 1240.79840524303 1200
0.426 0.647797457681083 1.1367446869614 0.336631531533962 1222.27748892527 1200
0.427 1.56776934186205 2.82103760933321 0.992338522809582 1168.74578157994 1200
0.428 13.4064381715998 23.6179598035555 9.67293742876311 1174.16645995263 1200
0.429 7.52757540609716 12.4386209508243 5.57089157139278 923.55375219886 1200
0.43 0.357365642865613 0.40438482487825 0.246729040236702 1211.81525094331 1200
0.431 -0.0877289610664174 -0.304953962590233 -0.0876123977206448 1245.36443887316 1200
0.432 -0.206798817460424 -0.495790666405114 -0.175211843544842 1241.66446574973 1200
0.433 -0.234376580025417 -0.549211365148831 -0.193873287926546 1178.6304383499 1200
0.434 -0.256565642519841 -0.589038430044271 -0.208435493507884 1156.53678950794 1200
0.435 -0.294689356773149 -0.646632638126913 -0.233831772895931 1188.16908471832 1200
0.436 -0.327180809188628 -0.69160303699538 -0.254186986857887 1211.27274637668 1200
0.437 -0.364875706392572 -0.736494927832193 -0.275869023158504 1243.64396051896 1200
0.438 -0.370998798883324 -0.73435819019406 -0.275891186478041 1210.53793294737 1200
0.439 -0.365084463028137 -0.710452541982634 -0.270047579925659 1175.39792489088 1200
0.44 -0.344588739242622 -0.662108713537444 -0.257457346606883 1146.85949716259 1200
0.441 -0.339501562335343 -0.620506135774261 -0.251793410792811 1181.85036902143 1200
0.442 -0.371996302973844 -0.608227735784607 -0.254030162195271 1217.3899673014 1200
0.443 -0.44184587912563 -0.633479650938206 -0.267755521896495 1264.65520967424 1200
0.444 -0.458271026635005 -0.611274565298638 -0.287689843408062 1247.23005614741 1200
0.445 -0.464196161558521 -0.591090849674889 -0.261729025587026 1217.66583998207 1200
0.446 -0.428428237835615 -0.540394431572288 -0.240170059187149 1158.16578061981 1200
0.447 -0.412763717626904 -0.520870466960931 -0.235882030984902 1159.47038609516 1200
0.448 -0.439154263066543 -0.559231982210435 -0.233272950240052 1220.17468788064 1200
0.449 -0.477401981997315 -0.613499511361147 -0.248425682996126 1235.21455313257 1200
0.45 -0.515627810345183 -0.667598563534286 -0.261754506933565 1245.25065321947 1200
0.451 -0.486303325803344 -0.600205079675915 -0.243497553159467 1210.76653316767 1200
0.452 -0.479396939428279 -0.551575092269205 -0.233134407995119 1166.12580967402 1200
0.453 -0.526321353566804 -0.610982952500118 -0.246929025227034 1181.02630845504 1200
0.454 -0.562684591990545 -0.766914680110999 -0.27807257294521 1184.17216486901 1200
0.455 -0.593599121682151 -0.860190969696512 -0.276063931048218 1233.08817085027 1200
0.456 -0.597481327358429 -0.874091999363015 -0.283751791001463 1242.22967338565 1200
0.457 -0.550597945127305 -0.831484190593437 -0.283200757451296 1217.27228349531 1200
0.458 -0.518523255071105 -0.777808851487261 -0.273982372637727 1169.12063492494 1200
0.459 -0.507954858059134 -0.746202771942035 -0.272314348974352 1155.60584019306 1200
0.46 -0.519168059853886 -0.741902788780139 -0.280631454515928 1182.96007835259 1200
0.461 -0.524284985048373 -0.732167010328002 -0.284407807263769 1211.99910668534 1200
0.462 -0.519041539333515 -0.714579151862797 -0.274041863349914 1256.57318197581 1200
0.463 -0.00944541471943604 -0.235802048891287 0.182661780918566 1224.70229948783 1200
0.464 -0.134477834701759 -0.573353100020878 -0.580871714481045 1155.66668297882 1200
0.465 -0.167748225941142 -0.613615518320914 -0.616359204971777 1160.16336342968 1200
0.466 -0.187987740338172 -0.648007049721248 -0.641141221645524 1204.38360296443 1200
0.467 -0.203006536576813 -0.678005607326355 -0.658186658554347 1236.3067701956 1200
0.468 -0.207742554546899 -0.693698289794616 -0.662775466785944 1245.9539038481 1200
0.469 -0.207922418589655 -0.689539342766672 -0.656787045497828 1195.71148826984 1200
0.47 -0.198206285538444 -0.673026027130622 -0.648966391399157 1167.19111971495 1200
0.471 -0.196692325220853 -0.658479198410034 -0.648207206288741 1151.05940636994 1200
0.472 -0.206266382772366 -0.674501253902913 -0.67450960355678 1185.20959436824 1200
0.473 -0.217325897545837 -0.702596374825123 -0.712572467618882 1231.75620566385 1200
0.474 -0.211357872390482 -0.706195408494961 -0.724335283292486 1244.06759246463 1200
0.475 -0.187143235606202 -0.69964339856166 -0.696571236445799 1215.34844540203 1200
0.476 -0.159312203628535 -0.692630242557892 -0.673928500751707 1179.24990136131 1200
0.477 -0.143905135309249 -0.700256812844248 -0.666378864147145 1181.6730797153 1200
0.478 -0.128217575137046 -0.691474030229806 -0.643637651103623 1164.26869324509 1200
0.479 -0.131028694594691 -0.706550303029005 -0.65233725199747 1206.7390870111 1200
0.48 -0.131162540887646 -0.706437787096608 -0.650195029187134 1232.47684125008 1200
0.481 -0.129924432274737 -0.699272127942277 -0.645441692425568 1252.64445732871 1200
0.482 -0.113592065944949 -0.661762796147189 -0.611836041172582 1218.40688859715 1200
0.483 -0.0924237403973217 -0.617842231700647 -0.572390987076898 1175.72305681248 1200
0.484 -0.079829550774321 -0.595796158235366 -0.555244345951142 1179.36232503255 1200
0.485 -0.0565307678443209 -0.539315918640755 -0.524033619144055 1160.9851884924 1200
0.486 -0.0556013429832089 -0.541544808746864 -0.542428920987472 1227.66263090783 1200
0.487 -0.0484783588204389 -0.541769665853909 -0.546879049212051 1241.81069965647 1200
0.488 -0.045756991620657 -0.547456734867616 -0.553174149582183 1241.14369156642 1200
0.489 -0.0270405424121783 -0.516949568010228 -0.522669457802953 1195.12074671676 1200
0.49 0.145224274916607 -0.301985268133519 -0.330761024994217 1169.15822884342 1200
0.491 0.0364732671350428 -0.445406347387234 0.130175036147644 1227.87929883412 1200
0.492 -0.189453120257759 -0.678005193891396 -0.105019192633639 1174.34129324897 1200
0.493 -0.202424551290127 -0.682668754028905 -0.124764800756671 1149.85962669297 1200
0.494 -0.229213720408831 -0.727860025930541 -0.144001113659035 1189.05087762131 1200
0.495 -0.255955609453888 -0.771482072123312 -0.158027761576219 1230.8249956592 1200
0.496 -0.27555521850948 -0.795266307555431 -0.164650611041896 1254.621952939 1200
0.497 -0.266806605840628 -0.763081159357227 -0.156304616414568 1217.0416101095 1200
0.498 -0.24457532677859 -0.70477819238196 -0.143545346526516 1169.58504697624 1200
0.499 -0.224702736918655 -0.649473502680944 -0.135297093565539 1153.10881081004 1200
0.5 -0.225824311790382 -0.629793127988092 -0.136433432260791 1188.0341747947 1200
