# Fix print output for fix def1
0.00100000000000001 0.762851886454767 0.798350617238764 1.61141102998658 935.406529138389 900
0.00200000000000002 0.980591746346611 0.900491496552287 1.8020201072053 926.90852434434 900
0.00300000000000003 1.16886569442469 0.980826062017313 2.05430777282808 898.437601927271 900
0.00400000000000003 1.0358755291365 1.10751804164234 2.39088775271457 859.194925087594 900
0.00500000000000004 0.942293017583031 0.955874985792034 2.07059021629405 873.636510092072 900
0.00600000000000005 0.540881802248222 0.132058710171649 0.582723525978186 891.633965713788 900
0.00700000000000006 0.46410569105742 0.0794333009832255 0.575539606212517 928.113921619586 900
0.00800000000000007 0.381056357019033 0.0799393487156432 0.569683294223564 933.748495053775 900
0.00900000000000008 0.299709035282957 0.118637091160938 0.569476206570597 915.365869690979 900
0.0100000000000001 0.279699681672369 0.130434064870604 0.63884881644352 902.823542291735 900
0.0109999999999999 0.322959413407368 0.173694640509215 0.740205064580367 868.045121206056 900
0.0119999999999999 0.315378359305925 0.213366960480083 0.69933814225575 871.404607384595 900
0.0129999999999999 0.34453393461046 0.224986532196559 0.778601018440417 892.068966684142 900
0.0139999999999999 0.267186328508926 0.173041363873821 0.778976786066149 926.77297609776 900
0.015 0.182363736901206 0.169075026436349 0.805511216641118 932.54025454717 900
0.016 0.174747196586551 0.228728807480307 0.883204836694945 919.208468687246 900
0.017 0.260582180603771 0.367349215111556 1.01470802169229 891.78024263978 900
0.018 0.244361735336026 0.387061440464593 1.07606024896991 861.605966396568 900
0.019 0.0976923092798601 0.583355952395086 0.855987055221364 872.107768141045 900
0.02 -0.0525977554248344 0.464138707025716 0.637091553433816 895.976183759556 900
0.021 -0.166611009375613 0.377345160509938 0.488871795140915 945.689358644172 900
0.022 -0.19378805639301 0.377479993915943 0.423091766570434 929.914440343528 900
0.023 -0.140351382285648 0.23207976919472 0.726147870728979 860.027453406424 900
0.024 -0.0414220571284576 0.303078243794553 0.776942093573962 887.567187102019 900
0.025 0.103417918489039 0.379531349544288 0.825902115618721 881.879107928479 900
0.026 0.279398622436241 0.419375915087324 0.744130683042152 884.389651001971 900
0.0270000000000001 0.330480744417978 0.497317616459592 0.83103199425162 868.270028416519 900
0.0280000000000001 0.375190113774689 0.558208965583464 0.942751741332656 886.211359958324 900
0.0290000000000001 0.773959928307837 1.01187972658433 1.32835135283817 920.512562757492 900
0.0300000000000001 527.592000691737 562.025035890128 865.137060429211 1274.09071861627 900
0.0309999999999999 1.75724986947487 1.92857767792061 2.55719706040854 919.177634745088 900
0.0319999999999999 0.651547571041612 0.817565040643952 1.09598224148926 909.675207154559 900
0.0329999999999999 0.00600765933178671 0.417648125367618 0.132933629740701 736.098120997923 900
0.0339999999999999 -0.235079907253338 0.14418100148267 0.0184719301534634 905.959335502798 900
0.0349999999999999 -0.312475309275336 0.117225439520382 0.0141387221331119 941.5832341667 900
0.0359999999999999 -0.212058415123195 0.187343352945044 0.0586980611483878 918.28882476039 900
0.037 -0.102280161388939 0.306292698854228 0.1293265458665 880.934314497005 900
0.038 -0.0191910963202605 0.399579160946242 0.193331543908013 867.87847651509 900
0.039 0.0356077127258965 0.475275202539901 0.249393213040156 897.299029555635 900
0.04 0.103029912950444 0.580425556172735 0.322160957316108 923.905832116647 900
0.041 0.166831804556339 0.697466211216137 0.397312527630273 938.703305630223 900
0.042 0.187578025082693 0.771578607554075 0.427797758477916 918.041163336642 900
0.043 0.191534775214281 0.80752035515145 0.43341096670752 886.052982485423 900
0.044 0.270397170975376 0.89500071065908 0.500121997379088 886.53448122896 900
0.045 0.393748617797473 1.03961664323513 0.640803991118238 879.481528450627 900
0.046 0.463628455825283 1.12853356540305 0.776529588145544 922.390503491138 900
0.047 0.555594629568424 1.26621618644029 0.992068009298184 923.231641625025 900
0.0480000000000001 0.695918443865968 1.31954548242716 1.19502876070725 861.726363149235 900
0.0490000000000001 0.662032803424032 1.32524183858293 1.27558667821332 896.255204009085 900
0.0500000000000001 0.610436855691726 1.32428826042386 1.35155566965978 919.598728001934 900
0.0510000000000001 0.691412519946428 1.33649837818086 1.4442193500751 938.588150454142 900
0.0520000000000001 0.00872359128435303 0.729972689975329 -0.150445826755622 899.402614304641 900
0.0529999999999999 -0.0244060439057177 0.718737956868629 -0.146205327628763 915.442200935621 900
0.0539999999999999 -0.0400102249768677 0.717239537831186 -0.132995356778085 912.902982801814 900
0.0549999999999999 -0.0263127000248765 0.736433833210289 -0.0880724261218404 887.719267951219 900
0.0559999999999999 0.00422403591584402 0.764182838775312 -0.0202542242000995 858.345251377512 900
0.057 0.0226215203117614 0.760873073484815 0.00496839325927237 870.584432283016 900
0.058 10.5627883840566 13.011749825895 19.7187704768894 902.625007921333 900
0.059 0.0699653233231326 0.765394697404058 0.119111811921823 928.791380491728 900
0.06 0.134675731025169 0.803791884270496 0.219641589071513 934.975311347433 900
0.061 0.248296144594393 0.887006629676341 0.37782460984636 908.848493105998 900
0.062 0.383900496918596 0.989789962500905 0.582124934974672 888.983944012504 900
0.063 0.430623529789041 0.603231309251525 1.19961859993411 900.842636749183 900
0.064 0.498648466104324 0.606031625488601 1.28813445486397 924.512774750418 900
0.065 0.681260124608341 0.99733711114213 0.684807730844638 4.69864273786286e-05 900
0.066 -0.723158990921664 0.45165472791622 0.525229204554434 888.774590820858 900
0.067 -0.538022519704822 0.534637733036514 0.650821112410637 885.374951714387 900
0.068 -0.318621795407768 0.665060644825808 0.832345219426673 889.456085575496 900
0.0690000000000001 -0.145303936894951 0.803836248197374 1.04653656084092 933.901908716567 900
0.0700000000000001 0.120569758135819 1.0228984272802 1.3364021638389 929.189898225962 900
0.0710000000000001 0.553813235442555 1.39549535067259 1.8769818086994 897.093578594475 900
0.0719999999999999 1.25439771363904 2.0076077396927 2.9118386982188 868.23290893752 900
0.0729999999999999 2.104925673639 1.95746774291003 3.62390341336287 880.209833840464 900
0.0739999999999999 1.73274251998977 1.86330830780828 3.54443149229343 901.580236219423 900
0.0749999999999999 0.431198780853322 0.313466940416653 0.521432591329091 922.631458250919 900
0.0759999999999999 0.395908245637716 0.255073937836789 0.539118818847426 923.500460541328 900
0.0769999999999999 0.346282445674283 0.202716871147238 0.533207451261955 919.439802623234 900
0.078 0.32994561012797 0.197088588076693 0.572190986804513 886.044211688852 900
0.079 0.31393086352434 0.188024430301526 0.611567556377767 871.451298030036 900
0.08 0.929109957711353 1.38355478577216 1.59346509602123 7.20156873594717e-06 900
0.081 0.376523994601849 0.428879321790404 1.01345627390007 885.346305331249 900
0.082 0.653256508110765 0.490123632973772 1.3934410459417 864.338708351082 900
0.083 1.17981922398824 0.935293494141545 2.29286502231607 884.497754601203 900
0.084 2.19046787045686 1.77577304082472 4.05513607244929 912.544021741352 900
0.085 3.53955080536159 2.93861750505943 6.39858658175127 938.758473319015 900
0.086 12.5488976246353 10.3295777109324 22.4124045438701 916.875097278493 900
0.087 50.3940933599522 41.5236245091077 89.9386364780997 880.621857351557 900
0.088 89.0903408111417 73.4626016076117 158.806066539736 885.421105052887 900
0.0890000000000001 39.0243266702541 32.3177566690292 69.2671353923749 876.866530462422 900
0.0900000000000001 15.9809814893445 13.5027370987632 28.1737031355501 883.072539299015 900
0.0910000000000001 7.16224893483687 6.26555589331067 12.486999157581 922.916860636398 900
0.0920000000000001 4.07838937202022 3.7182897084598 6.95464496657279 931.545088181936 900
0.0930000000000001 2.46632674330659 2.37540998195164 4.02207016867212 921.833212885625 900
0.0940000000000001 1.92953558637792 1.64369452102639 3.18703005364466 902.105777577583 900
0.0949999999999999 1.00845814852251 0.969137174993279 1.52062073171429 864.822261505797 900
0.0959999999999999 90197.3076641912 111973.908729722 158566.000914655 5.85439622928196e-06 900
0.0969999999999999 1.07399107692268 0.958405201579437 2.05232609062735 896.650724134022 900
0.0979999999999999 0.852622687587442 0.734590236170803 1.49337386882444 897.625206825681 900
0.099 138912.471954128 132344.928913947 185656.287831639 0 900
0.1 0.0976898945556904 0.119080607966346 0.13688110409133 716.775020566086 900
0.101 0.0453934497865718 0.0483747860689796 0.0760978194879203 881.566545895192 900
0.102 0.0119493383768375 0.00796730357718702 0.0212544599045614 903.311758302315 900
0.103 0.00226981946450433 -0.000294172507958553 0.00997489015838344 872.943862280783 900
0.104 0.00161405815105761 -0.000455968111587315 0.00970593345064442 885.746121404427 900
0.105 0.00115757233505071 -0.00108020429990709 0.0096809744295236 939.829098124795 900
0.106 0.00189591036104815 -3.02598316287657e-05 0.00997018864015456 916.236575349905 900
0.107 0.00279320111860588 0.000974286138995916 0.0102127509279994 884.376184621058 900
0.108 0.00241105954783829 -0.000285682433788285 0.0094831922367802 873.307368555088 900
0.109 0.00257071568807195 -0.00120226159554913 0.0084289466322391 902.444207640613 900
0.11 0.00468847727185906 -0.00151381487638271 0.00735615928329091 939.701610915272 900
0.111 0.00238063834721133 -0.00070787912942683 0.00835830847232522 929.563631130795 900
0.112 0.00192950585078821 -3.87450490918814e-05 0.00856106600621273 901.595197121216 900
0.113 0.00300028142012502 0.00114701936664186 0.00876468036778285 866.370608713197 900
0.114 0.00401156186324211 0.00166027492323302 0.00895742168938634 868.323895413988 900
0.115 0.00529657918451247 0.00247923916485187 0.00954087592549139 893.915125105228 900
0.116 0.0069780754153231 0.00410928111182834 0.0117422999988196 911.623090289581 900
0.117 0.00980886041002697 0.00670611694550527 0.0162594556361621 940.150088203551 900
0.118 0.0176508644309816 0.014523338099169 0.0275670396734659 922.786309209882 900
0.119 0.0358754046842235 0.0323877738266837 0.0548368730673793 894.228989113006 900
0.12 -0.00082758275014279 0.0181673220529237 -0.00085176239531814 908.10434065361 900
0.121 -0.00240617554933726 0.0163569130532288 -0.00349611541983839 888.612549056671 900
0.122 -0.00263053357838339 0.0155979072283019 -0.0043561966404042 866.120597851368 900
0.123 -0.00312784743562893 0.0149353496903141 -0.0060600344952878 880.407459421492 900
0.124 -0.00346702387040225 0.0143427034880914 -0.00823251560061936 909.413220190754 900
0.125 -0.00341479799116081 0.0138221770336544 -0.0109570563061605 942.351064026135 900
0.126 -0.00222709256420995 0.013454835389539 -0.0141600085631588 932.095226148032 900
0.127 -0.000636043973334986 0.0127297652196822 -0.0171811104786148 894.347251670535 900
0.128 -0.000203752750330407 0.0119870786871141 -0.0156784281889598 886.407925861574 900
0.129 0.000303434845272581 0.0121607387853853 -0.0131996901707118 872.483232300001 900
0.13 -0.00104634884331995 0.0122338258913857 -0.0110374241353274 905.507856465715 900
0.131 -0.00120150288757141 0.011699536794096 -0.0120393777601453 920.435583741958 900
0.132 -0.00147201549401839 0.0108966734369314 -0.0127263668515339 933.820786526409 900
0.133 -0.00155111508160056 0.0109301683481513 -0.0112847861496297 904.458139086869 900
0.134 -0.0016041826041123 0.0108035325509726 -0.0100034464840374 882.985993628494 900
0.135 -0.00149340621906108 0.0103938964689285 -0.00878738155871591 858.494781789684 900
0.136 -0.00199162504665109 0.00994243274236116 -0.00826344328726137 870.973481480128 900
0.137 -0.00290868061387249 0.0100886884632522 -0.00854147628456984 917.710544810609 900
0.138 -0.00342826997444432 0.0103508513312495 -0.0085558123557122 926.518887389537 900
0.139 -0.0037321585739872 0.0105234867293862 -0.0077639543799631 926.530599578806 900
0.14 -0.00324969861933889 0.0108204060159386 -0.00630628322421743 889.614950353761 900
0.141 -0.00301069722283172 0.010644666298698 -0.00679859221070504 873.044856428286 900
0.142 -0.00298036772681421 0.0102202962157071 -0.00867720970320859 868.048921223825 900
0.143 -0.00300835805888342 0.0104410084972993 -0.00845235378785413 891.404084950255 900
0.144 -0.00295372403969736 0.0106843547473535 -0.00853926386107263 918.067202831715 900
0.145 -0.00256741464517844 0.0110220262778623 -0.00862795366854403 927.003701556479 900
0.146 -0.00206518708386118 0.0114392274627459 -0.00862811886871092 923.159466040768 900
0.147 -0.00142917464237383 0.0120263161634431 -0.008270696209532 891.314527409486 900
0.148 -0.000943125407685388 0.0126826798165807 -0.00767973255133675 873.628502516674 900
0.149 -0.00160734759973146 0.0129527525988642 -0.00812746028963604 867.474797148313 900
0.15 -0.0021186296627713 0.0131809813177198 -0.00845314018191013 889.581492575662 900
0.151 -0.00337255845928972 0.0100300144701342 -0.00721008693988687 900.275361224967 900
0.152 -0.00234617213251976 0.011198826422635 -0.00663401133253408 918.559363649459 900
0.153 -0.000513391361938656 0.0128416033963757 -0.00515693118565521 882.359198099527 900
0.154 0.000878755506282586 0.0142127697961726 -0.00401178540623743 871.015667342899 900
0.155 0.00139940195400912 0.014654853172412 -0.00354559919655192 896.721965612796 900
0.156 0.00157898255040708 0.0143253696979855 -0.00339117254179218 924.715678081638 900
0.157 0.00258474771431405 0.0149974289137334 -0.00213735343170556 934.437135318322 900
0.158 0.00468484500159146 0.0164043642175059 -0.000271066456831913 914.814599621568 900
0.159 0.00711340212666631 0.0178888319976241 0.00115162078794652 881.958485874631 900
0.16 0.00934863482016506 0.0193787446320471 0.00234598250923545 882.833001029228 900
0.161 0.0122045226539528 0.0214216653303611 0.00352418378783465 885.292177520984 900
0.162 0.0146800900207799 0.0234444244814949 0.00502029233788518 928.742758477071 900
0.163 0.0185466955272322 0.0266525301212599 0.00830210070061892 928.109834118965 900
0.164 0.0234709534187608 0.0312083782025079 0.0134568853752383 926.168706384805 900
0.165 0.046505420401939 0.0527489096251726 0.0386864664819321 886.391628000159 900
0.166 0.0368509100754946 0.0375583857173689 0.030969112885264 0.702482324036028 900
0.167 0.0132476665512403 0.0159055629082401 0.00612956693691152 920.484305998176 900
0.168 0.00968696615985255 0.0126907107158778 0.00212428426253114 885.36539537972 900
0.169 0.00841884412393246 0.0114349878195113 0.000653496303155051 858.930039498475 900
0.17 0.00733814610374877 0.0104276505941311 -0.000599663576001691 878.736548213429 900
0.171 0.00644667433366412 0.00964782751800829 -0.00168456954054881 910.950800182416 900
0.172 0.00604832729892147 0.00929683198511842 -0.00198978399656022 922.643457572301 900
0.173 0.0059815025608722 0.00922084443628971 -0.00193855303689247 927.97551071471 900
0.174 0.00656871370257387 0.0098688576997363 -0.00123699692987952 892.187215361222 900
0.175 0.00710670231910952 0.0106394238840889 -0.000403605018033068 872.855460322484 900
0.176 0.00767452452781133 0.0117659285791111 0.000655638011098426 870.704451654178 900
0.177 0.0081710448502905 0.0132857969732962 0.00177872939659813 911.271410245619 900
0.178 0.00959332641328158 0.0162032519094711 0.00408512369085407 933.807488522385 900
0.179 0.0127496801617501 0.0208866655683381 0.00813745374483942 929.165587419979 900
0.18 0.0175743451492745 0.0277786794996894 0.0161245476050475 885.190012820308 900
0.181 0.0241891520268159 0.0361626876534386 0.0255404648336329 869.072047464476 900
0.182 0.0309588442541728 0.0440608453185978 0.0345476431317658 867.322912561698 900
0.183 0.0344695785170716 0.0471402563246488 0.0389874872803937 916.594396650709 900
0.184 0.0342165371915184 0.0443178346409998 0.0368960137400372 931.234915220843 900
0.185 0.0309813474746972 0.0380705575015981 0.0309272770073265 908.789645968735 900
0.186 0.0276177035918754 0.0320113518664386 0.024887920634985 879.76093884564 900
0.187 0.0249022773851487 0.0269481111589367 0.0200987498823022 869.035525854283 900
0.188 0.0228676126261901 0.0226990697849398 0.0165241141339713 890.364203654284 900
0.189 0.0205925323411877 0.0184836412121981 0.0130641252275486 922.240319991848 900
0.19 0.0180322635902596 0.0145904449806643 0.00956154757881893 926.212602516554 900
0.191 0.0153471032307514 0.0105768449701668 0.00552709766997289 920.19081397629 900
0.192 0.0225254593830887 0.014457019035876 0.0105262657041698 889.39686550725 900
0.193 0.00832571571573667 0.00351280592461534 -0.00188916417096601 874.177252932344 900
0.194 0.00513661661952219 0.000554634257261214 -0.00512015305186801 866.863641942097 900
0.195 0.00226720897799917 -0.00225174583674379 -0.00804063667969602 892.646425371434 900
0.196 -2.77987259150193e-05 -0.00445750323645061 -0.00996907756595629 918.437200433375 900
0.197 -0.0018681432903304 -0.00589351903473411 -0.0112749370001433 928.24974530368 900
0.198 -0.00349394600078806 -0.0066266578527798 -0.0120163641647086 919.084752379869 900
0.199 -0.00407786800036564 -0.00673975061628544 -0.0122600510990553 890.079123818578 900
0.2 -0.00430271660268858 -0.00590237182926394 -0.0128922671943049 871.503084022855 900
0.201 -0.00461752110530934 -0.00575680864786735 -0.0127289326797631 867.511186451319 900
0.202 -0.00515004531530049 -0.00578738384123659 -0.012478576113089 888.690165970495 900
0.203 -0.00571484906901976 -0.00606466064533275 -0.0130230709486971 923.771347220208 900
0.204 -0.00571315014759936 -0.00567426035809534 -0.0134609931190324 920.522768416851 900
0.205 -0.00532285558987748 -0.00428136075922677 -0.011734766475783 909.717243963784 900
0.206 -0.00414267933507958 -0.00320627133217331 -0.011191245645011 872.746695137417 900
0.207 -0.00324699439003697 -0.00324136778417905 -0.0110703737527906 870.181022268434 900
0.208 -0.00254235872988091 -0.00358687541045519 -0.0107185310138513 868.281593019094 900
0.209 -0.00267340606018884 -0.00480357871388281 -0.0104079714313148 905.227917424101 900
0.21 -0.0029586209973014 -0.00570636620308824 -0.00991394401691598 924.583520800411 900
0.211 -0.00471522432833883 -0.00507787014367749 -0.0107164480966932 919.650460090489 900
0.212 -0.00537551279067503 -0.00534560664996316 -0.0104346953029536 913.790121144886 900
0.213 -0.00547806579157819 -0.00460486206552651 -0.009888553884292 876.242749821987 900
0.214 -0.00590581182796147 -0.00415036235571825 -0.00954786030613246 870.664654034637 900
0.215 -0.00615552646001733 -0.00354355579870716 -0.0091069113816066 867.479400525164 900
0.216 -0.00674278529632813 -0.00351905725155573 -0.00883753196066825 905.846582958832 900
0.217 -0.00699808424297959 -0.00317340629343827 -0.00844687641268706 924.630904783635 900
0.218 -0.00687588518014293 -0.00248325783855617 -0.00791955299264442 917.434645915872 900
0.219 -0.00684436381728786 -0.00199321966508883 -0.00738767755262049 912.933594387535 900
0.22 -0.00638305636229119 -0.00110959746364409 -0.00659144996641814 876.174654972162 900
0.221 -0.00563795025573056 -0.000267069268591836 -0.00617902740963115 871.053805165701 900
0.222 -0.00457386064740158 0.00065389213632622 -0.00572238252652598 868.723287440247 900
0.223 -0.00435120102609282 0.000583729119421056 -0.00501839400562904 904.538992506128 900
0.224 -0.00414301321226031 0.000618684350250307 -0.00367445249297731 924.902220701051 900
0.225 -0.00349938238115452 0.00142005968600627 -0.00372178365373156 917.148756297485 900
0.226 -0.00202579159074874 0.00231747446917069 -0.00188318257615814 913.76965203672 900
0.227 -0.000382237302016851 0.00377687487135173 -0.000696896120212509 875.613633645012 900
0.228 0.00162996950212318 0.00530709591209677 0.000715468025992953 871.228708100594 900
0.229 0.002834855885555 0.00649162129617511 0.00215675533809921 880.334582537666 900
0.23 0.0040307956748041 0.00798814390458298 0.0038480592658558 927.244661950052 900
0.231 0.00563752738620877 0.00946514414937109 0.00585940670988848 934.975648348205 900
0.232 0.00832710905440213 0.013513901659517 0.00912524785435581 912.139291381635 900
0.233 0.0113531114718824 0.0192726093341778 0.0135010823061552 892.399327332482 900
0.234 0.0150394652641543 0.0273364238777654 0.0192050961889438 864.081174378544 900
0.235 0.0185046505672758 0.0350009755098107 0.0248505790886095 880.407916241506 900
0.236 0.0212466234601103 0.0409205121373206 0.0291957201239663 895.848537143531 900
0.237 0.0216954347736643 0.0426348890198899 0.0308853916851353 929.449923836674 900
0.238 0.0199036597501453 0.0398153556280213 0.0286006779971747 927.640509785879 900
0.239 0.0169298974254936 0.0345609091140929 0.0238474069407391 909.183667878266 900
0.24 0.0142524630772791 0.029578307519786 0.0192920711138996 874.650617860858 900
0.241 0.0134323902034396 0.0255098929000272 0.0171235155708699 866.635583005501 900
0.242 0.0156475360078838 0.0233074352226753 0.0188584604348194 884.483498544081 900
0.243 0.0298234387459776 0.0293886291876172 0.0364006465835641 927.839390345388 900
0.244 0.0240774103834539 0.0529575293561652 0.0446291876039838 933.509906970792 900
0.245 0.0682014728347134 0.0572812916432033 0.0868633813806041 907.027403446655 900
0.246 0.0252712503212043 0.0240394776651204 0.0287313276966168 885.121731595017 900
0.247 0.0186131437350644 0.0160223168825768 0.0161297724493165 862.21636671742 900
0.248 0.0151912762931448 0.012859271363031 0.0115921975185618 881.703408389953 900
0.249 0.0133563244901215 0.0148675308922255 0.0113060112328692 910.695600951847 900
0.25 0.025652160132907 0.0445784865620038 0.0329945759729323 942.125142258061 900
0.251 0.00457390471768494 0.00433686927304266 0.00460252046134949 906.033567485205 900
0.252 0.00307300493149318 0.00292096627873845 0.00235107002025052 937.817013023212 900
0.253 0.00218983462003517 0.0022593040845747 0.000946784860714561 933.048211148095 900
0.254 0.00102243487204583 0.00196076440145294 5.29026677240851e-05 901.411873150956 900
0.255 -5.68300485565607e-05 0.0015759173277928 -0.000672303831691242 885.969323396168 900
0.256 -0.00107263461409518 0.00103078999598651 -0.00126899600252986 862.11754009056 900
0.257 -0.00226910939430942 -0.000606234966885757 -0.00196892824007084 885.176091921048 900
0.258 -0.00274344517091268 -0.00265339271769569 -0.00267522699166455 910.952909286504 900
0.259 -0.00288741291926506 -0.00491943193910547 -0.00347828089636042 943.347549092503 900
0.26 -0.0027462174798835 -0.00564462728286423 -0.00398308267686479 929.797111181837 900
0.261 -0.00288535047470122 -0.0053630999615777 -0.00429335290588715 900.354062322673 900
0.262 -0.00321640994773821 -0.00488596479914212 -0.00447514392480896 882.464433384 900
0.263 -0.00277143756978039 -0.0038760933015102 -0.00420340111690782 863.997364791371 900
0.264 -0.00202384363000947 -0.00290600897181555 -0.00350881080730733 898.944516535713 900
0.265 -0.000995289392337074 -0.00123914092349481 -0.00263523647946735 924.193776577322 900
0.266 -0.00114955234912478 -0.000980162725900132 -0.00335782567781642 942.300922320858 900
0.267 -0.00156800875122661 -0.00110070359865968 -0.00564521026498161 906.362816994249 900
0.268 -0.002381535256 -0.00213199569289803 -0.00835700551189933 881.215209443006 900
0.269 -0.00315153882176223 -0.00332294007284742 -0.010590855729053 873.297760822174 900
0.27 -0.00475908553644192 -0.00497456073039818 -0.0125458079081858 886.500637699363 900
0.271 -0.00710800795890727 -0.00757338475565933 -0.0144675300922578 929.28518955853 900
0.272 -0.00935603536021911 -0.00991882983524925 -0.0161416368005448 929.276396126147 900
0.273 -0.0111419474562726 -0.0117760971727512 -0.017545684873986 907.277811099829 900
0.274 -0.0116058908919045 -0.0122767021853532 -0.0183255234094872 867.408753915943 900
0.275 -0.0117133937196899 -0.0121854336175422 -0.0188181159578775 871.459333542914 900
0.276 -0.0118347989437191 -0.0124758080926628 -0.0192782059329771 889.619676992937 900
0.277 -0.012136120897206 -0.0130620600567181 -0.0199494912514712 927.828436817786 900
0.278 -0.0112258088299854 -0.0128825487480428 -0.020399658102394 933.086326533358 900
0.279 -0.00960206335950394 -0.0121281882216226 -0.0205250892752961 914.07102361348 900
0.28 -0.00845423109661051 -0.0113198738387483 -0.0205004550191021 899.461517295564 900
0.281 -0.00810403691610618 -0.0102853674122714 -0.0203622617169281 868.140885934416 900
0.282 -0.00879679497720101 -0.00990664471457903 -0.0205446675718639 872.497867678835 900
0.283 -0.00896673529557534 -0.00953185486413154 -0.0207219981740869 889.345454717107 900
0.284 -0.00931865865525571 -0.00944743698344648 -0.0210363716612341 928.323056665102 900
0.285 -0.00985289285257772 -0.00898134294752073 -0.0210979712701642 933.039271687689 900
0.286 -0.010303493706085 -0.00824717654683333 -0.0208116316547258 908.963287437912 900
0.287 -0.0107090809071295 -0.00772348174721466 -0.0204419619301275 889.97346950318 900
0.288 -0.0108472949608874 -0.00711035549573948 -0.0199188949441732 860.886102987534 900
0.289 -0.0111932769765602 -0.00727360843535279 -0.0197194062950912 878.443072673676 900
0.29 -0.0114238190826583 -0.00753647558192268 -0.0195532563244804 907.706944026195 900
0.291 -0.0109567003609545 -0.00737736211215533 -0.0187214413235738 940.145338049141 900
0.292 -0.0105325702962393 -0.00579531496189775 -0.0183088087123565 931.835387310341 900
0.293 -0.009798213391105 -0.00307512226580356 -0.0176833072937628 905.961462238331 900
0.294 -0.00915830430319018 0.000171454752132424 -0.0170912350600384 889.466579727141 900
0.295 -0.00838428275817975 0.00432511986618097 -0.0163767570623435 860.94974488055 900
0.296 -0.00800618647348552 0.00697309935430264 -0.0160352017112216 878.144840934935 900
0.297 -0.00789829432626863 0.00715560732295906 -0.0157914580264744 903.874603007907 900
0.298 -0.0079552250615784 0.00472505984001364 -0.01567464334275 938.747228004927 900
0.299 -0.008037390728537 0.00236275446664922 -0.0154029284044422 933.297501919769 900
0.3 -0.00841721764967348 0.000455025724623169 -0.0151586805345567 906.961920270581 900
0.301 -0.00912943230397735 -0.00188856771973961 -0.0150995650374071 886.559812628291 900
0.302 -0.0097621527348204 -0.00441188673473666 -0.015112399500093 861.789968548921 900
0.303 -0.0102246863499905 -0.00608400972027463 -0.0153943398565404 875.304505269066 900
0.304 -0.0103907307539265 -0.00682115712447938 -0.0159417026780599 893.25711678605 900
0.305 -0.0101492083819856 -0.00695222811217449 -0.015423359080426 932.345885846523 900
0.306 -0.00924625231677632 -0.006207351961892 -0.0152977884396959 932.739275035061 900
0.307 -0.00814766885681275 -0.00525142299249712 -0.0146300692387979 908.769212807061 900
0.308 -0.00662008576046198 -0.00670450890854882 -0.0139416396960941 887.225203960772 900
0.309 -0.00567019491723459 -0.00713940433412215 -0.0131318332543634 862.505192999103 900
0.31 -0.00557314026639298 -0.00904902034468739 -0.0127926242454217 878.221975271198 900
0.311 -0.00568938501060032 -0.00950228435092485 -0.0122910591156031 909.353043318838 900
0.312 -0.0055793401702224 -0.00847879815869474 -0.0115431297446271 942.090791582897 900
0.313 -0.00520110465406147 -0.00665589406414104 -0.0104357655162049 929.195718594484 900
0.314 -0.00518067330461598 -0.00518239200095673 -0.00921003121067749 894.304080538867 900
0.315 -0.00152528164433145 -0.00491518053413274 -0.00970092198587623 873.226073537994 900
0.316 -0.00377649988243843 -0.00510538793421178 -0.00791895166004982 874.142527803959 900
0.317 -0.00501159854154652 -0.0045494652229841 -0.00671901935384895 900.293498402782 900
0.318 -0.006435501542703 -0.00576411518498597 -0.00785988536263225 924.70270265144 900
0.319 -0.00743417104926524 -0.00619648737229998 -0.00757422520946035 943.299005277687 900
0.32 -0.00825341040367153 -0.00586947961375297 -0.00826358449244754 897.739393064811 900
0.321 -0.00839256141997734 -0.00576749214314954 -0.0081280158988328 877.435526185925 900
0.322 -0.00852963649167481 -0.00614031816613204 -0.00808352663140561 875.706662743343 900
0.323 -0.00788152839106383 -0.0052105617791461 -0.00774385479950746 884.711965464132 900
0.324 -0.00677580641677347 -0.00393066034421196 -0.00707123222944289 922.0616224519 900
0.325 -0.00504396816773259 -0.00151570097926134 -0.00438074760492803 931.209451740757 900
0.326 -0.00297918101237173 -0.000436405100459193 -0.00078925046342276 924.387448507579 900
0.327 -0.00127968577076233 -0.000144640589724923 0.00210662347820478 878.855737708183 900
0.328 -0.000733396933863163 -0.00056748289208725 0.00400994889773822 869.610482990636 900
0.329 -0.00119891706732446 -0.00164254127705614 0.00452469508528886 886.849529017057 900
0.33 -0.00202464226146202 -0.0024766089479939 0.00426644550246033 893.251858879208 900
0.331 -0.0033954059830296 -0.00360036364544456 0.00363728026342701 929.632780029717 900
0.332 -0.00483025341435922 -0.0042680002864476 0.00400713617623231 929.434153433795 900
0.333 -0.00445600301770634 -0.00521935240364191 -0.000195332779551464 914.748553954698 900
0.334 -0.00429314341664193 -0.00558202536996235 -0.000612159089340787 871.637132368793 900
0.335 -0.00408922196000567 -0.00674884772802065 -0.00141499230808582 867.304035722306 900
0.336 -0.00400188601570306 -0.00859439409571679 -0.00188119588731353 888.949934971004 900
0.337 -0.00387759374429416 -0.0102995586901989 -0.00195310308412376 906.930458049226 900
0.338 -0.00386411831647084 -0.0118222689938062 -0.00212269251110107 940.075068524827 900
0.339 -0.00345500507397109 -0.0121255239222178 -0.00198107294716159 920.18196636097 900
0.34 -0.00311779934788076 -0.0122257297746049 -0.00181755122583212 892.964903605488 900
0.341 -0.00281793109796386 -0.0121257511435467 -0.00158460854407371 862.98121892604 900
0.342 -0.00287378570376157 -0.0127601766168827 -0.00155451967617451 870.274574302898 900
0.343 -0.00304632974252385 -0.0137566053852594 -0.00149058903714491 912.069368435379 900
0.344 -0.00281706407569921 -0.0140604917915992 -0.00139456112041389 920.825579876417 900
0.345 -0.00260289112014254 -0.0143568833668194 -0.00126596605822671 932.127481838582 900
0.346 -0.00224784148612749 -0.0140871951495166 -0.000595167654039541 898.304425291081 900
0.347 -0.00209445336055934 -0.0140154610663292 7.74135520362337e-05 878.544912377856 900
0.348 -0.00194871760573408 -0.0137987741316907 0.00074266810307024 855.80376617983 900
0.349 -0.00237121434256248 -0.0143894043021283 0.00107166495781961 884.985813437269 900
0.35 -0.00280858407948152 -0.015010140798899 0.00165804833404133 919.379301452192 900
0.351 -0.00286947873118136 -0.0150586173794331 0.00272150184137957 918.009059795301 900
0.352 -0.00296652298575477 -0.0150279163808874 0.00364485849463224 921.456856574128 900
0.353 -0.00264076848771566 -0.013876580239147 0.00461570361697107 875.643701520046 900
0.354 -0.00253940182528091 -0.0128092156612996 0.00502656366766091 872.865374150444 900
0.355 -0.00209749119835357 -0.0114630443667501 0.00511185529689722 882.332384049351 900
0.356 -0.00187523053702052 -0.00994268391193855 0.00469915316509569 907.049384854089 900
0.357 -0.00180586970738727 -0.00867005810942966 0.0039295347163549 923.966810776613 900
0.358 -0.0017730193292824 -0.00936348491602433 0.00296858516360488 928.41145607867 900
0.359 -0.00112957711143482 -0.0120472307465277 0.00217046116903808 895.063342289917 900
0.36 -0.000780787178112812 -0.0151683661971016 0.00126081373246471 876.828527011319 900
0.361 -4.50127726939757e-05 -0.0168422337892412 0.000331373304021671 861.070993835769 900
0.362 -9.17107251416867e-05 -0.0184048003735715 -0.000864228909287243 884.951707896802 900
0.363 -0.000837273936617404 -0.019942151351874 -0.0019532949933168 911.941183565914 900
0.364 -0.00226862677630021 -0.0213691553322742 -0.00266245906197696 921.989935829493 900
0.365 -0.00493757016437381 -0.0227882815601978 -0.0031110784942914 928.657427503117 900
0.366 -0.00722151779857565 -0.0227264470762971 -0.00287835749994879 896.725048271588 900
0.367 -0.0098322428339979 -0.0219029007282983 -0.00396753215777608 877.450867616309 900
0.368 -0.011497301362668 -0.0215676438489194 -0.00546697705814195 861.840250603753 900
0.369 -0.0136327805914302 -0.0230303066942185 -0.00770667042615256 893.125955206072 900
0.37 -0.0149991407085528 -0.0227350971071124 -0.010719952412836 917.876844325345 900
0.371 -0.0152624103366042 -0.0229015562429625 -0.0128164620361061 925.421213909639 900
0.372 -0.0152097852959433 -0.0238361342675208 -0.0134077267240129 922.072254848025 900
0.373 -0.0155092246842464 -0.0241328872728034 -0.0132324606783716 890.631633883406 900
0.374 -0.0167098333079082 -0.0244868556303246 -0.0131158747198163 869.992439375878 900
0.375 -0.0181033697077611 -0.0248519206286715 -0.0127018129307975 868.421562922345 900
0.376 -0.0187086639354381 -0.0252782480460406 -0.0131915216265871 890.860955761356 900
0.377 -0.0189851052152627 -0.0259221224407697 -0.0139011062824366 920.036939549639 900
0.378 -0.0190860855877191 -0.0262442750560942 -0.0142856414132333 927.190889823087 900
0.379 -0.0192239466460762 -0.0264598164873385 -0.0144992715405292 923.012119898656 900
0.38 -0.0189267934953239 -0.0261313114138174 -0.0142846878183451 892.052432541557 900
0.381 -0.0181262792148627 -0.025196896987875 -0.0136596851854998 873.139324140978 900
0.382 -0.0168885562223007 -0.0237614545871119 -0.012868534377662 869.324426146566 900
0.383 -0.016033830264787 -0.0228943846691771 -0.0127976517218911 896.9324916586 900
0.384 -0.0156675252763585 -0.0228487573993405 -0.0136021203813904 924.656030181987 900
0.385 -0.0151812146452896 -0.0228582485247696 -0.0142491828479217 922.494373048774 900
0.386 -0.01424100698267 -0.0223261605218718 -0.0137214365389658 908.340069970767 900
0.387 -0.0135843045812749 -0.0224209895162344 -0.0140310798947219 881.440101083429 900
0.388 -0.0134842979218244 -0.0228629483354275 -0.0147075047304511 879.286347488952 900
0.389 -0.0135740854327979 -0.0226329104833823 -0.0148152089907852 891.639083524186 900
0.39 -0.013669612878112 -0.021905543002871 -0.0144917705853676 929.023251814913 900
0.391 -0.013050955564649 -0.02023332240732 -0.0134358919709363 929.073683100777 900
0.392 -0.0122089760074209 -0.0183693116856618 -0.0121195003033643 913.197437731918 900
0.393 -0.0112079644271173 -0.016396574379441 -0.0105020507550769 873.221658895747 900
0.394 -0.0109378104887658 -0.0152780658121306 -0.00910910988799767 866.375086197452 900
0.395 -0.0112179710941625 -0.0143459652053218 -0.00745937172555939 890.059671390649 900
0.396 -0.00902646623927206 -0.0089558860453604 -0.000707585773260747 909.990436580154 900
0.397 0.0118209524697826 0.0249949802879811 0.0400411104226343 938.680102451764 900
0.398 -0.00589456606189156 -0.013016254349111 -0.00855182734191859 916.539958455753 900
0.399 -0.00582702433293601 -0.0115267228236337 -0.0098371001418623 941.228305075319 900
0.4 -0.00361200886952781 -0.00862587988900307 -0.0093438788567059 921.280016749488 900
0.401 -0.00170721623632669 -0.00605291062539738 -0.00859967456166922 888.897315672282 900
0.402 0.000438573075330998 -0.00433285241734027 -0.00790869864234061 886.011315574893 900
0.403 0.00394721994189451 -0.00238745523369696 -0.00691466659870836 866.451331729498 900
0.404 0.00694881209113079 -0.00177664591286229 -0.00646715733045157 904.047773347903 900
0.405 0.00887965088957574 -0.00112702691668556 -0.00614011148657443 924.20657610589 900
0.406 0.00930557704415064 -0.000561026967390166 -0.00601569773546266 932.528278913737 900
0.407 0.00894548908654654 0.000290222093874527 -0.00572700460364349 890.800847426833 900
0.408 0.00758016790907447 0.000431354839253234 -0.00578792405983459 871.741758004055 900
0.409 0.00563183748069834 2.85901380260765e-05 -0.00607913871024729 866.941493997471 900
0.41 0.00303129503789432 -0.00116555712196847 -0.00679590258295146 902.71390702533 900
0.411 0.000353761396705237 -0.00236924988245745 -0.00745004385855605 924.254522582374 900
0.412 -0.00231508189517942 -0.00351630182754422 -0.00806207456798799 935.856434088738 900
0.413 -0.00446432442860463 -0.00392366661388227 -0.00830561086199232 900.746791874414 900
0.414 -0.00619191426890149 -0.00396851626293105 -0.00867188806757571 876.297178057202 900
0.415 -0.00757163620168583 -0.00391149029670359 -0.00935296175980956 881.535643256617 900
0.416 -0.00793277187474391 -0.00384091211787995 -0.010086152165285 889.758223242826 900
0.417 -0.00874338316180477 -0.00425494394496059 -0.0112243458461321 928.275520931081 900
0.418 -0.00931970643160379 -0.00435089304315921 -0.0120793560828367 929.931372145795 900
0.419 -0.00986319549196348 -0.00444653848629439 -0.0126951467725534 916.298946883127 900
0.42 -0.0101326182406956 -0.00423886173097164 -0.0128511069180821 869.285466990422 900
0.421 -0.010634203644473 -0.00445348342417499 -0.0128432494526421 867.939197861274 900
0.422 -0.0114270690362556 -0.00502288956645092 -0.0129604510765157 888.111105881097 900
0.423 -0.0122136421797555 -0.00553048842178745 -0.0129131836509923 898.068782015552 900
0.424 -0.0131581477397179 -0.00615610039233562 -0.0128892661620038 930.623375053967 900
0.425 -0.0134433900107499 -0.00602010721892902 -0.0122292587833381 930.543302006524 900
0.426 -0.0128824460104662 -0.00534396581371794 -0.0104570755879715 915.584193714181 900
0.427 -0.0110422903241115 -0.00331522271024727 -0.00733620252285391 880.562745580047 900
0.428 -0.00994743638071904 -0.00300665041995284 -0.0061587034421246 872.205266713954 900
0.429 0.0083971533387197 0.0243864647943283 0.0180252968957223 887.508301902952 900
0.43 -0.00355958732951331 -0.00283302123330724 -0.00248407162214788 914.232052101488 900
0.431 -0.00886237366714451 -0.00895808313353073 -0.0106260242278032 934.731646030468 900
0.432 -0.00892531731594771 -0.00718167310338089 -0.0117153102291131 897.287446484073 900
0.433 -0.00841406755276225 -0.00470796541855187 -0.0112887301804299 882.219095522234 900
0.434 -0.00719425708658922 -0.00225849550443088 -0.00904620846859947 862.94672233877 900
0.435 -0.0061379630022557 -0.00170658363701979 -0.00759562320097868 891.994428669811 900
0.436 -0.00471577352706394 -0.00176831521032171 -0.00472509966229029 915.883894035729 900
0.437 -0.00328574310591641 -0.00235195838292027 -0.0021634823695632 941.385796875153 900
0.438 -0.00168555641564905 -0.00249565364340239 -4.16303909628395e-05 925.820893697796 900
0.439 -0.000364953304366558 -0.00210653488111207 0.00146087873593318 889.252535034801 900
0.44 -6.66897315596976e-05 -0.00218186355230335 0.00215189160407438 878.265830711372 900
0.441 -0.000320122625901644 -0.0026794434657597 0.00257890504102562 870.313491342552 900
0.442 -0.000598530112520167 -0.00365490653797531 0.00315329535956252 898.378942564682 900
0.443 -0.000424903008064334 -0.00431274692849647 0.00389546507651179 923.085303499355 900
0.444 -0.000422492847866184 -0.00515608528075713 0.00442671250525658 941.165572534814 900
0.445 5.87139338175216e-05 -0.00545135692207852 0.00465638811252894 925.828404595592 900
0.446 0.000495646010656611 -0.00575466951024842 0.00444155399084504 891.934230097482 900
0.447 0.000467025652861379 -0.00646488840541354 0.00371284614574186 876.741157676419 900
0.448 5.44974419924045e-05 -0.00742108185124079 0.00260848576567833 866.42779831982 900
0.449 -0.00102172986709659 -0.00910599326851125 0.00105045940580119 895.300956251236 900
0.45 -0.00220689794296184 -0.0107552546422677 -0.000464820241438534 922.257911280655 900
0.451 -0.00326177999077599 -0.0121339511186096 -0.0013156292159274 941.829476925633 900
0.452 -0.00380695190683157 -0.012763638987781 -0.00143735751041856 925.099603493683 900
0.453 -0.00390254765064512 -0.0128831684793737 -0.00149014996186466 890.644025202596 900
0.454 -0.00392891634387682 -0.0130466745694246 -0.00155648753769691 866.898777830904 900
0.455 -0.00409424701874018 -0.0135595554183412 -0.001710377965828 872.5848387886 900
0.456 -0.00435340477420988 -0.014387960562404 -0.00187948651184947 905.089885621369 900
0.457 -0.00417884886968597 -0.0148897499880336 -0.00164557908243173 923.051993541857 900
0.458 -0.00321776079206639 -0.0151259597754015 -0.000806268744725157 939.028022108871 900
0.459 -0.00224520766357214 -0.0147210066936682 5.63422105994675e-06 921.896147136061 900
0.46 -0.000896257284554224 -0.0139723431454712 0.00165906511106834 887.954286253469 900
0.461 -3.59335980653203e-05 -0.0134432261245835 0.00270539515319965 878.142295642015 900
0.462 -0.000774313771956617 -0.0127835681875696 0.00466586529546691 866.163328315643 900
0.463 -0.000449847831357879 -0.0126500119140507 0.00579927970971684 898.402839987018 900
0.464 -0.00105713319849968 -0.0124933260483817 0.00700278229262822 924.484056642135 900
0.465 -0.00161636143907584 -0.0121176480503759 0.00815796689546235 930.362563833941 900
0.466 -0.00193856379332159 -0.0107193100294926 0.00972205973224034 906.576732540949 900
0.467 -0.00211531935469299 -0.0105564749811192 0.00958585469288488 874.394795405775 900
0.468 -0.00241307456937717 -0.011293314266088 0.00906188810065264 878.230543315945 900
0.469 -0.00249804932197761 -0.0120054771326529 0.00830719413330197 889.433488009454 900
0.47 -0.00258551415178072 -0.0108937151545677 0.00767453561222333 922.830639780095 900
0.471 -0.00235018142939194 -0.00845154800800542 0.00712184237241117 931.155338849426 900
0.472 -0.00177453517065794 -0.00628489647752226 0.00649434550350647 928.723727694598 900
0.473 0.000757504113227759 -0.00245803133164776 0.00768018023260492 888.655064428465 900
0.474 0.0138034954509124 0.0128054680373982 0.0208011666745863 867.423274623768 900
0.475 0.668257999623352 0.739491390472815 0.734488910341037 872.625289925654 900
0.476 0.0170987636651513 0.0202885728414171 0.0232286709886695 872.25303535801 900
0.477 0.00024606365865019 0.00162323814419636 0.0046397645928602 909.99013198808 900
0.478 -0.00309889909818276 -0.00177251713158306 0.00110639581251008 942.094703440923 900
0.479 -0.00434650149576606 -0.00269858054223139 -0.000202083744874302 931.831693620158 900
0.48 -0.0051028122681611 -0.00296538415125921 -0.00100381705524134 903.734788329449 900
0.481 -0.0060043321224345 -0.00334210187622313 -0.00187907083548713 890.167113246296 900
0.482 -0.00680299518223527 -0.00345113155326763 -0.00267669916992808 861.931493777449 900
0.483 -0.00795509729576997 -0.00366941783436943 -0.00197978209401727 889.844641465265 900
0.484 -0.00895075168956568 -0.00394955600891924 -0.0033574056770021 918.131490731554 900
0.485 -0.00949172807788994 -0.00402328130620133 -0.00440553850902923 938.757548333357 900
0.486 -0.00922779438982291 -0.00348120950782022 -0.00478398031852252 909.918532098372 900
0.487 -0.00938704738621645 -0.0029648973897794 -0.00448094664045823 882.265966225082 900
0.488 -0.00722852843660777 -0.00218924164549121 -0.0048342136702777 857.051595399377 900
0.489 -0.0066721524110469 -0.00169440617714137 -0.00435834176164673 873.876467555161 900
0.49 -0.00601795754655423 -0.000742972483552359 -0.00372150096192071 908.272189421993 900
0.491 -0.00443379168447626 0.00157917846470379 -0.00371757371927137 916.33394860104 900
0.492 -0.00275362324927089 0.0044021730909576 -0.00339757734410188 932.146337654983 900
0.493 -0.000375781147783955 0.00669932990545805 -0.00257188165176681 890.638218291042 900
0.494 0.00174648270046256 0.00718525417349787 -0.00186687045421547 870.859883047176 900
0.495 0.00309572435879848 0.00610591280173269 -0.00339596203031874 870.354152721815 900
0.496 0.00353515628342004 0.0047602587431767 -0.00352552008653727 900.410986431413 900
0.497 0.00424338243309525 0.00413524765580648 -0.00318795008729482 923.471851583379 900
0.498 0.00528896711862497 0.00412131322136309 -0.00310251875494558 924.63820131499 900
0.499 0.00631027502117154 0.00450381978162932 -0.00315832880048551 908.069962297193 900
0.5 0.00725984756297733 0.00529913561102219 -0.00237218066448097 872.498895170351 900
