# Fix print output for fix def1
0.00100000000000001 2.24519339095083 2.4286398735151 4.39237385089844 610.354704287041 600
0.00200000000000002 5.4562380480326 5.59090262547635 10.9365314266707 595.547633102334 600
0.00300000000000003 2.45386867085017 2.44871194784953 2.96061574164711 0.0136742565716423 600
0.00400000000000003 1.74372645660247 1.78098161999059 2.74495724653368 582.177343922035 600
0.00500000000000004 1.74241509217487 1.82004017089705 2.85787886124822 602.26587786368 600
0.00600000000000005 1.7718936382891 1.6960677854824 2.99929589475477 623.509990509681 600
0.00700000000000006 1.87673343361057 1.75426211458781 3.1248776888668 614.854742522266 600
0.00800000000000007 2.02574100264809 1.89794858490746 3.31598202937196 584.330486525556 600
0.00900000000000008 2.15307420411694 2.02246114878241 3.51978656795201 578.435564196574 600
0.0100000000000001 2.27827519897771 2.10884132464084 3.68940257992297 596.253919495099 600
0.0109999999999999 2.47637522943158 2.24099091535256 3.97859594938719 613.112710900413 600
0.0119999999999999 2.67421139012078 2.40732654310852 4.28087187853745 623.684566471869 600
0.0129999999999999 294.323556709101 303.309988798046 625.134702172473 599.627237926964 600
0.0139999999999999 27.0293959403794 33.1933243899627 50.889350941277 2.09159656698562e-24 600
0.015 1.08089694714488 1.16600949081931 0.84994167438511 591.203187541768 600
0.016 1.06981448454884 1.15929202101017 0.853196258675551 591.039067232182 600
0.017 1.06392187550873 1.15841270325185 0.867744283232114 582.322463786494 600
0.018 1.03398771034555 1.12645066707142 0.870698732103955 604.824405838022 600
0.019 1.01849980334649 1.1073984237712 0.885717576518286 617.459688280193 600
0.02 0.991970773503763 1.11431556562382 0.86333292083636 624.036035553156 600
0.021 1.03941603616212 1.14201368072888 0.918826056064847 610.674748414598 600
0.022 1.05237959882604 1.15519405070274 0.949967357459767 590.460755759448 600
0.023 0.966549301815442 1.16676916729657 1.00960452661624 590.553253462141 600
0.024 5168687.75659467 6090581.23890518 11346663.8100628 0 600
0.025 1.68197255469438 1.84719392398036 3.37528092197421 585.967439048351 600
0.026 0.479155326870932 0.261951815109566 0.435824233050017 627.691835048902 600
0.0270000000000001 0.215179696019599 -0.0508539386180026 -0.197223055027625 608.716446992067 600
0.0280000000000001 0.150620376659111 -0.104503657540461 -0.349243487737008 590.394983443585 600
0.0290000000000001 0.123459279367122 -0.110601295092305 -0.430773792674047 571.368597339133 600
0.0300000000000001 0.119864120187677 -0.120052449820331 -0.477472060916271 592.276474440523 600
0.0309999999999999 0.140540255788197 -0.131973637858065 -0.516173723867665 608.098236570838 600
0.0319999999999999 0.115429118723721 -0.153103412687309 -0.559265699617223 615.522240416557 600
0.0329999999999999 0.0677168645275191 -0.196857768562961 -0.587116015237474 606.904647558449 600
0.0339999999999999 0.00666255812432294 -0.228146533128768 -0.593857809136885 575.319646126829 600
0.0349999999999999 -0.121864923460925 -0.287785119177336 -0.629141460418461 574.956035183755 600
0.0359999999999999 -0.213905952563024 -0.367379070344354 -0.702828105004224 615.190983517812 600
0.037 -0.220181269677871 -0.38725228470753 -0.718905118019676 621.874474263318 600
0.038 -0.197914411720435 -0.366041989262875 -0.719408108369224 604.710220525194 600
0.039 -0.156923704035904 -0.328778124407269 -0.725658434664819 584.853419893901 600
0.04 -0.0272480615992305 -0.2760314861668 -0.736195232703389 584.040252340834 600
0.041 0.009720417043416 -0.250049166521733 -0.794624460218246 612.894606075296 600
0.042 -0.0334970749858526 -0.279253993269537 -0.779419812333036 621.850535733677 600
0.043 -0.132697628628604 -0.288888990307477 -0.766514128079731 619.703258160167 600
0.044 -0.146733063432641 -0.268707380105842 -0.75195213653918 588.578716968885 600
0.045 -0.202639190392936 -0.271570881432416 -0.755109300404203 578.461092099465 600
0.046 -0.253420415784387 -0.299414034762373 -0.771451558733847 596.053086495179 600
0.047 -0.255085692800801 -0.326536696182069 -0.783593574912407 619.562027523869 600
0.0480000000000001 -0.235282505375932 -0.319826673817504 -0.767836529231301 623.243070670434 600
0.0490000000000001 -0.341668524825583 -0.0585888242407271 -0.65667258303579 596.505495861384 600
0.0500000000000001 -0.347219633733004 -0.033180851430149 -0.60223172035921 591.715952830772 600
0.0510000000000001 -0.337700659877018 -0.0193979347562284 -0.538933876680544 579.793768131491 600
0.0520000000000001 -0.354884896681196 -0.0391662202119593 -0.50481115945943 608.565833170203 600
0.0529999999999999 -0.304995667231219 -0.0646835497788159 -0.577429679384466 621.089728847264 600
0.0539999999999999 -0.236769525010795 -0.0456459377749712 -0.668340534997714 616.196087730986 600
0.0549999999999999 -0.217845167694243 0.00930707480631745 -0.624423362837178 597.34126637539 600
0.0559999999999999 -0.196537353677043 0.0666811534818813 -0.568748957038099 582.569716832602 600
0.057 -0.178901749290372 0.100595488543193 -0.527209124448083 590.011371419985 600
0.058 -0.151102730977215 0.116557595806197 -0.484220641742108 592.834377936868 600
0.059 -0.129014790668224 0.0843863144817566 -0.449364767389095 617.381736477525 600
0.06 -0.0925437188274863 0.0830818305884242 -0.39701229735764 621.129094877414 600
0.061 -0.057497168992642 0.159805829127205 -0.347194969030404 614.210161371929 600
0.062 -0.0528520846693734 0.229133817530097 -0.32035083671517 595.332195595965 600
0.063 -0.113570410750004 0.267694795825336 -0.328715497132205 582.169882916165 600
0.064 -0.137320198119082 0.290296582625494 -0.298789130197573 587.835868133924 600
0.065 -0.115190282247937 0.307869770511138 -0.246983425604268 592.134609007561 600
0.066 -0.115558031186581 0.301859335754929 -0.211290828169777 617.722517447918 600
0.067 -0.107849334619688 0.309346930197581 -0.173013800885417 620.613965260781 600
0.068 -0.0780346907456997 0.328103376902786 -0.139323556452678 606.792905624829 600
0.0690000000000001 -0.0447378458231859 0.350334822947908 -0.106147304003818 583.637241752724 600
0.0700000000000001 -0.014902637299756 0.357843079576819 -0.0719124755095922 577.77408787998 600
0.0710000000000001 0.0731049294802749 0.344415500104295 -0.0250375959706975 594.096448398974 600
0.0719999999999999 0.19203314450082 0.335532243743693 0.0273210501522819 605.843525229108 600
0.0729999999999999 0.247314911733074 0.341008910068287 0.0487232782962045 625.991846218607 600
0.0739999999999999 0.281250527878535 0.370484644777478 0.0687848503316312 614.943577314847 600
0.0749999999999999 0.296867379319125 0.475712344591611 0.101474086103687 596.127007414081 600
0.0759999999999999 0.317398784476175 0.54106689144922 0.140722369722537 573.437242480494 600
0.0769999999999999 0.313868910266062 0.420233050866356 0.153225950955848 621.882858051683 600
0.078 0.212774565824652 0.282443184349048 0.063870098832724 619.560416731241 600
0.079 0.146923234884281 0.242823554011568 0.00249420331608557 608.56159047393 600
0.08 0.108109525789085 0.265638511239692 -0.00401669195637141 582.027009998829 600
0.081 0.00361609890330732 0.00371981107636005 0.00429866059680742 606.679523724645 600
0.082 0.00198738396690846 0.00234024491749934 0.00216126950504288 606.445021649728 600
0.083 5160.7205169573 4699.78577153684 7270.29738455048 0 600
0.084 -0.000156775303753297 -9.31650911492562e-05 -0.000514755013346703 1.37259892466776 600
0.085 4.62708108358725 4.09977161868717 8.75571644192576 105.367387332039 600
0.086 -0.000388725729405931 -0.000502170030496665 -0.000437456373020768 595.91770833283 600
0.087 -0.000394288072648295 -0.000505996583189334 -0.000477581166173935 588.083547772427 600
0.088 0.00152578911303252 0.00122321282877428 0.00408817450111728 577.285307221257 600
0.0890000000000001 -0.000389559767190834 -0.000480050260398362 -0.000474366237240257 597.542249614414 600
0.0900000000000001 -0.000379950516384924 -0.000451508012553648 -0.000387968762610695 613.14330967198 600
0.0910000000000001 -0.000366241360497438 -0.000414711209434243 -0.000289947465928529 626.699867919971 600
0.0920000000000001 -0.000354521811894988 -0.000395414194531862 -0.000222257479156487 616.066307244348 600
0.0930000000000001 -0.000321492773408396 -0.000364476520414374 -0.00017785275121148 593.186165135698 600
0.0940000000000001 -0.00028980018684279 -0.00033497330380327 -0.000150852332222538 590.383531503486 600
0.0949999999999999 -0.000259757590759547 -0.000317551194954677 -0.00013329079114074 580.852785878248 600
0.0959999999999999 -0.000247114380169611 -0.000319887300669124 -0.000131845992348298 609.33557903642 600
0.0969999999999999 -0.000233493419724694 -0.000318753044394979 -0.000132156730825419 620.199279583872 600
0.0979999999999999 -0.00022131982405343 -0.000315225757455903 -0.000129480062307121 620.962140773771 600
0.099 -0.000207202445357238 -0.000299620799194705 -0.000118336190630382 597.449726310996 600
0.1 -0.000195373367605416 -0.000283925538143024 -0.000106040556611064 574.076797634426 600
0.101 -0.000193837793619 -0.000286214909827521 -0.000112719195803294 601.568577376267 600
0.102 -0.000189004369246138 -0.000280733296147249 -0.000100049764047215 615.1686591938 600
0.103 -0.000175184361261341 -0.000267185852497074 -8.68653403969938e-05 616.881424046406 600
0.104 -0.000149328591541247 -0.000241586699059157 -7.48289851164325e-05 590.710850358344 600
0.105 -0.000143843474498368 -0.000230102983244605 -7.55317748142596e-05 580.194509904547 600
0.106 -0.000153406588835561 -0.00021042351057672 -8.79551235082025e-05 585.350479329193 600
0.107 -0.000158135618519438 -0.000191377636250301 -0.000106646711258835 608.840727609156 600
0.108 -0.000132748756632045 -0.000170903957308206 -0.000113756089411117 619.184275493791 600
0.109 -9.10795052354895e-05 -0.00014154465773246 -0.000111995403712674 606.029629454402 600
0.11 -5.1344401105444e-05 -0.000112508940981553 -0.000114173338723673 589.043681108898 600
0.111 -3.99241207625244e-06 -8.85804773335632e-05 -0.00011563443553463 578.847452269256 600
0.112 2.69313498155049e-05 -7.39376550125004e-05 -0.000131262084860419 603.652556638911 600
0.113 5.54580780232229e-05 -5.20168861202204e-05 -0.000139467446122704 620.493855095702 600
0.114 9.07107353127288e-05 -1.14996536769038e-05 -0.000124880552168588 598.14814322048 600
0.115 0.000125719400256439 3.24112223794676e-05 -0.000103957012128147 576.20159168468 600
0.116 0.000154683010808699 6.93240480049333e-05 -8.94503150090641e-05 582.217790654228 600
0.117 0.000175204245946009 9.74334354887118e-05 -8.30238579691963e-05 610.769208308138 600
0.118 0.000191212290932766 0.000125440769491208 -7.2339516714e-05 621.227750444083 600
0.119 0.000198914035212154 0.000150597245130068 -5.78147773341313e-05 613.118141971413 600
0.12 0.000196015737106576 0.000173303416112149 -3.93169003799894e-05 584.230810571956 600
0.121 0.000161616928598974 0.000173946638921984 -3.09351850520003e-05 571.080482276706 600
0.122 0.000126440863677505 0.000161988614526193 -3.70595160715604e-05 597.040912059354 600
0.123 9.52454094211515e-05 0.000182589699782789 -1.28540562110777e-05 616.942182429573 600
0.124 6.66438733065953e-05 0.000158974940444878 -2.05416328712457e-05 620.891136475561 600
0.125 4.76813879531925e-05 0.000137860739257074 -1.81798166772557e-05 598.151907814721 600
0.126 2.85260466891974e-05 0.000108122212830224 -2.0289046253341e-05 584.520071468878 600
0.127 6.52969617469484e-06 7.07353707797079e-05 -2.71498755639121e-05 582.214971895971 600
0.128 -1.9294632254151e-05 2.2683679413454e-05 -4.05210472848486e-05 595.011722892279 600
0.129 -4.8409607922592e-05 -3.42401209889762e-05 -4.97280606988736e-05 615.773528560773 600
0.13 -7.26022829400111e-05 -3.56765537648386e-05 -0.000208624969332931 624.067814403315 600
0.131 9.55340575931326e-05 -0.000600686007634416 0.00568387973176447 600.251469973958 600
0.132 -8.88099111452952e-05 -5.23981445328277e-05 3.97781084746493e-05 576.269678634054 600
0.133 -7.56171862630263e-05 -9.40644548880616e-05 2.21122229929243e-05 595.836195333667 600
0.134 -3.72150497776212e-05 -0.000106473889860895 3.46477873078032e-05 622.117788404037 600
0.135 1.94947652665079e-05 -9.37679456680954e-05 8.94137494386162e-05 627.431703370903 600
0.136 6.80384750448673e-05 -6.49726578731184e-05 0.000167861534661452 596.423771342484 600
0.137 0.000188027353834202 0.000207565802947176 0.000778197355556094 597.711145718495 600
0.138 0.000957871592945748 0.000565999759904323 0.00230248688966722 580.724400169108 600
0.139 0.00048766610840904 0.000197597746827959 0.0014181760726564 598.179450166075 600
0.14 -0.000118386835775094 -6.42211121949843e-05 0.000260441709814382 577.646744020751 600
0.141 -0.000311939955422764 -0.000126492487350403 -0.00018126846856679 589.796247842945 600
0.142 -0.000410356397483578 -0.000164922679485199 -0.000333654402009885 617.015239626917 600
0.143 -0.00043839857348844 -0.00016355912901179 -0.000378597205214993 621.790643852206 600
0.144 -0.000437391504464197 -0.000142346410584843 -0.000387634843807552 611.994888854011 600
0.145 -0.000435710259061995 -0.000125367188274207 -0.000378339676671794 601.752639203957 600
0.146 -0.000425885182896312 -0.000139124176147532 -0.000399721162400756 579.78957398988 600
0.147 -0.00042495520059049 -0.000129817620671547 -0.000402565146829725 581.043217007842 600
0.148 -0.00042087518923046 -0.00010629171618913 -0.000394668542837392 589.781461673891 600
0.149 -0.000428365873003895 -9.62288503177809e-05 -0.000397194362943156 618.208729929452 600
0.15 -0.000422643670743607 -8.15447881461508e-05 -0.000389795601405806 622.195741235548 600
0.151 -0.000389383102834147 -4.61102874173087e-05 -0.000361512137856466 609.227479949566 600
0.152 -0.000368418104617368 -3.00912506992686e-05 -0.000345109033652507 596.120673398635 600
0.153 -0.000345847114710629 1.55921480984454e-06 -0.000337096916775983 576.844073251794 600
0.154 -0.00032896748313788 3.81144665195205e-05 -0.00034466855367368 582.016371657074 600
0.155 -0.000313152790649454 0.000104852885470964 -0.000375072995888992 593.536850942623 600
0.156 -0.0002681764046699 6.18971830535018e-05 -0.000375885210513826 622.858926282823 600
0.157 -0.00013965327129946 -0.000279929582473784 -0.000253690529518072 623.141859420377 600
0.158 -0.000155794400757109 -3.49761129568022e-05 -0.000472497738978293 604.964630072691 600
0.159 -0.000176151900384075 8.28801701624781e-05 -0.000369467000017675 578.995972052241 600
0.16 -0.000198988169012503 0.000112817357366631 -0.000143935695368259 591.286831876445 600
0.161 -0.000181566119633558 0.000187965194319818 -2.52433526164966e-05 615.131674191995 600
0.162 -0.00012661950121096 0.000311567356857177 7.39104736321187e-05 614.194232418409 600
0.163 -6.3371262181359e-05 0.000438094224401498 0.000179057004854973 608.636539234769 600
0.164 -3.33294988781249e-05 0.000498653304047705 0.000243710654985058 581.49393202913 600
0.165 -2.9649584554818e-05 0.000450988572478781 0.000249103842386938 581.862129257263 600
0.166 1.18082935954036e-05 0.000314633985501358 0.0002512628170719 593.846330766761 600
0.167 -6.17595807609332e-05 0.000288692223917271 0.000176726051946975 624.023363781456 600
0.168 -7.84934593307469e-06 0.000249277668305062 0.000203876390630712 621.847751457551 600
0.169 0.000298884915939435 0.000205152693131334 0.000568796893765945 599.818351838478 600
0.17 2.26752494370646e-05 0.000373056262038683 0.000229282112296973 590.299787267308 600
0.171 -7.79539421850174e-05 0.000487900753759649 0.000143970291617885 575.481997124672 600
0.172 -4.45578499484198e-05 0.000593443982744794 0.000303043563013759 587.996519666136 600
0.173 -4.26759220160868e-06 0.000677831725369514 0.000444366962903285 606.086695699876 600
0.174 3.60462722388058e-05 0.000745275254683495 0.000536385270246895 628.337349898388 600
0.175 7.87551023426872e-05 0.000798363352950624 0.000606818006110674 621.524883109068 600
0.176 0.000138834451418168 0.000843729504131216 0.000731749500726832 601.348980127244 600
0.177 0.000208734417100125 0.000870855889077467 0.000894980634693207 593.153421972476 600
0.178 0.000282317629821477 0.000883357729560593 0.00102755780772153 574.526905339185 600
0.179 0.000344187108647972 0.000873159473669731 0.00107754323342514 588.24096229999 600
0.18 0.000421566215759383 0.000848308617017085 0.00107726802799503 607.606253269715 600
0.181 0.000547648589513474 0.000839426481565056 0.00111071600027684 628.981581806232 600
0.182 0.000662812030214928 0.000868336063780418 0.00124646512963978 620.682770804089 600
0.183 0.000750539691878889 0.000933328402221727 0.00146934182288464 599.012718132458 600
0.184 0.000832158927135362 0.000999643652144906 0.00161124113710324 589.979548129732 600
0.185 0.000884634732606221 0.00104238269933662 0.00163059361449001 575.890922051286 600
0.186 0.000901972615527076 0.00103400429579501 0.00151222141183477 592.665260265427 600
0.187 0.000893999072729543 0.0010097905544536 0.00135081954920643 612.856749452966 600
0.188 0.000769466367283489 0.000935705282698443 0.0011549239609034 627.705903277366 600
0.189 0.000584333986859756 0.000828427126135118 0.000923143580634691 611.88872965023 600
0.19 0.000372005472981671 0.000672815039738458 0.000658208712027645 583.487715143538 600
0.191 0.000215783189893234 0.000586090593156842 0.000478777628000159 586.005558572522 600
0.192 4.9307016524299e-05 0.000330346534090058 0.000730494905612001 584.283059652547 600
0.193 0.00073677812182594 0.00127502487778971 -0.000474368200697929 614.594268159631 600
0.194 0.000285171407460945 0.000648031675616419 0.000228712521676033 630.217463659569 600
0.195 0.000282146532869603 0.000680609631683985 0.000202199190615868 601.263673824947 600
0.196 0.000164078213912547 0.000640054768966838 0.000134180502870756 581.942283519536 600
0.197 6.34273204520814e-05 0.000560121374001536 0.000111724179638275 577.519914796432 600
0.198 -2.53696877505844e-06 0.000375149694757937 0.000191206389295499 603.210873046639 600
0.199 -3.69924672668075e-05 0.000295300975324979 0.000187092245317872 618.971324930843 600
0.2 8.93860275595604e-05 -0.000254687345443407 0.000669524535940711 624.160857877434 600
0.201 4.94391739057175e-05 0.000307587211797218 0.000116855394927441 591.392655835268 600
0.202 -0.000209613994689438 0.000257847511509501 -6.54386244498619e-06 588.829425003005 600
0.203 -0.000295385330433832 0.000228749558301206 5.61658792229778e-05 593.036554162 600
0.204 1.99550385531279e-05 0.000292067285114868 0.000168825363073956 617.903417672906 600
0.205 1.9448198755674e-05 0.000300720180849729 0.000189914008852289 620.343713097945 600
0.206 -0.000500502465590708 -0.000417102276899661 0.00185529037161726 595.632214236446 600
0.207 6.01470969022729e-05 0.000330533513672079 0.000122432430999262 583.70298852459 600
0.208 6.4043359184018e-05 0.000261780227148425 0.000109163898191572 574.349967397838 600
0.209 8.52661805545274e-05 0.000204159616464519 -0.000422374401007414 600.009226835329 600
0.21 0.000253816457630555 0.000276606001262441 -0.000454979541011296 613.854051169989 600
0.211 0.000304679104579361 0.000397835153066855 0.000123373728912645 614.23905403008 600
0.212 0.000345975885436153 0.000508254005663624 0.000396874400101654 602.474776359864 600
0.213 0.000540992010140744 0.000566897906335857 0.000596988828453323 580.450780442445 600
0.214 0.00216924107971635 0.00260715778952561 0.00291630724182519 580.326402823986 600
0.215 0.00104020633597829 0.00141890254679796 0.00127030258350751 592.277683378795 600
0.216 0.000393012336883509 0.000610501536854709 0.000512698507879398 622.888162350525 600
0.217 0.00013592443430719 0.000274689260843119 0.000214409814799105 618.079463859199 600
0.218 0.000122790214286645 0.000291122141133107 0.000114325779951612 599.735381557782 600
0.219 0.000191734322605745 0.000396086818769801 6.34651187608966e-05 577.639197284109 600
0.22 0.000213766457760371 0.000402482409922002 -9.55601323918119e-06 578.913518293234 600
0.221 0.000213327718131982 0.000354372831692347 -7.30821355161969e-05 596.542455373594 600
0.222 0.000244485581192175 0.000349353459371426 -6.23673680756139e-05 610.630847620022 600
0.223 0.000313994792635823 0.000388229988405922 1.75569926568746e-05 625.958426382176 600
0.224 0.000404465169248378 0.000456581321931196 0.00013158183440168 613.015560037615 600
0.225 0.00045123105581797 0.000495703504174552 0.00022149654970969 593.370698936431 600
0.226 0.000466325994414911 0.000516351643800465 0.000282308716686404 573.040627540546 600
0.227 0.000481747377446282 0.00053442602480807 0.000317009732711571 580.923938619818 600
0.228 0.00051162642857268 0.000556898860893547 0.000351374429742017 601.721300052245 600
0.229 0.000494772085885188 0.000554245301241583 0.000296825316655894 617.707116505485 600
0.23 0.000481808129992209 0.000549831699856933 0.000243534547720588 624.188813989899 600
0.231 0.00047905892986515 0.000555224769946686 0.00020699037429586 604.270111374314 600
0.232 0.000479763002795914 0.000565921442371005 0.000172565523455918 586.600864680028 600
0.233 0.000469259240438875 0.000575182865304508 0.000136074418903256 572.404974378353 600
0.234 0.000450875117445845 0.000583568842244098 9.27883215841152e-05 585.147040240421 600
0.235 0.000430849115011957 0.000593115965127385 5.14998761734551e-05 606.613280544883 600
0.236 0.000407564837516371 0.000601895097116452 2.47783231910794e-05 615.946320837105 600
0.237 0.000399381923800525 0.00061899855476209 2.40453886384756e-05 617.956401872552 600
0.238 0.000399245345014403 0.00063778928737587 4.7472064519629e-05 595.566828234176 600
0.239 0.000401355332249235 0.000647111171546351 6.6470681810193e-05 582.34559083576 600
0.24 0.000403391528929859 0.000668631273249887 0.000103326713540604 576.349828373861 600
0.241 0.000390645692689583 0.000706678971970848 0.000159140891723349 601.000304983848 600
0.242 0.000393262478457345 0.000732159920296349 0.000215920978283528 615.819060722167 600
0.243 0.000401910026500008 0.000729342624450684 0.000260929848683428 612.788923101859 600
0.244 0.000420749557660433 0.000756778957184303 0.000390599636948705 601.985126962869 600
0.245 0.000433018277261799 0.000810795811419042 0.000511197899031994 577.259356925273 600
0.246 0.000416086227952117 0.00081215702948499 0.000492308866658648 583.865176259373 600
0.247 0.000405470914913807 0.000785449212302605 0.000462966747952097 603.501020434661 600
0.248 0.000397621903301182 0.000753018895719012 0.000459690319870703 627.489963052791 600
0.249 0.000394554859209377 0.000739620015528825 0.00049900188735538 619.894594265585 600
0.25 0.000401519009582009 0.000713741071476327 0.000523901033283672 589.834973864303 600
0.251 0.000384208440903451 0.000674083227223373 0.000515626174082286 588.459767658129 600
0.252 0.000342416941117795 0.000641428822057894 0.000504789935491305 595.436368113746 600
0.253 0.000263368030801767 0.000586041699211099 0.000481624226362087 622.319103268191 600
0.254 0.00019026141898738 0.00053296214958539 0.000469495216631542 620.413020453584 600
0.255 0.000134836908376817 0.000524115550809098 0.00047190928828359 603.978081004453 600
0.256 8.48898267903485e-05 0.00051647948987029 0.000473341663837897 578.901890023605 600
0.257 4.66897744090708e-05 0.000510030573899959 0.000470906155053882 578.889349527852 600
0.258 1.02537444684809e-05 0.00049806481457776 0.000458330361102323 596.412994726599 600
0.259 1.72816245865646e-06 0.000501054470183401 0.000459284972962101 609.414145612597 600
0.26 1.52022599330448e-05 0.00051518672868847 0.000469662576117682 626.919120293464 600
0.261 5.39971971805451e-05 0.000542844124603224 0.000489851054699624 616.412850903912 600
0.262 0.000103821027869147 0.000570913017492898 0.000512370823091232 600.204207472576 600
0.263 0.000146518344117844 0.000581979420450764 0.000528598327885856 576.486940567882 600
0.264 0.000172535181145387 0.000563998501661026 0.000533953715749251 579.023307602684 600
0.265 0.000187948052800783 0.000535869314648205 0.000539021255160372 597.949926103857 600
0.266 0.000228156917387912 0.000547015300772687 0.000580110521487432 613.096498616137 600
0.267 0.000287825687601458 0.000597609314199339 0.000642956107611362 623.071716482578 600
0.268 0.000337496000722089 0.000654984263642525 0.000633796232550854 601.353535233328 600
0.269 0.00034438322781412 0.000680099503619394 0.000540393430631935 584.122088266523 600
0.27 0.000315870273578199 0.000683456111989213 0.00044329699361756 576.556252170479 600
0.271 0.00028705659894662 0.000679635413088368 0.000355767878904626 595.627266240854 600
0.272 0.000270104725453092 0.000670960475551162 0.000312565098684817 612.197054868973 600
0.273 -0.000757583458869843 -0.000733652144934623 -0.00123870599548968 584.361252688136 600
0.274 -0.000774903914410953 -0.000501411111859492 -0.0012604446280259 583.274501850716 600
0.275 -0.000825675670571487 -0.000449575690987219 -0.00129830776463484 600.530991919351 600
0.276 -0.000831809705547207 -0.000768087612067871 -0.0012888661871127 613.80793357712 600
0.277 -0.00080454844609987 -0.000707447936565193 -0.00128132084240012 615.007513965396 600
0.278 -0.000772637591224377 -0.000670479900665886 -0.00128001204372016 621.890213072393 600
0.279 -0.00074601234554813 -0.000610340594269573 -0.00126910132048143 598.277265077631 600
0.28 -0.000724741668470846 -0.000552947965589824 -0.00125517595832774 573.191449876693 600
0.281 -0.000711509651416186 -0.000523049685594925 -0.00125321103457258 587.65461890874 600
0.282 -0.000703431693672717 -0.000506303436335537 -0.00124173155732575 616.207250217996 600
0.283 -0.000696145360252915 -0.0004891027235037 -0.00120768700223022 622.736647076061 600
0.284 -0.000679955198257214 -0.000456872517392295 -0.001142859340908 589.45755604347 600
0.285 -0.000668908780820161 -0.000431579318949199 -0.00107417606371294 574.086525058839 600
0.286 -0.000655854915703953 -0.000415803624790383 -0.00101782714053589 589.360252826114 600
0.287 -0.00063800367889084 -0.000408234496805049 -0.000979550584639484 623.094015815831 600
0.288 -0.000595444020104379 -0.000383539979679578 -0.000940739024592758 614.405613574126 600
0.289 -0.000550037234612886 -0.000359265177582347 -0.00091175926385238 594.583892270517 600
0.29 -0.000508675020156238 -0.000337670268473965 -0.000889121012464202 578.085527654135 600
0.291 -0.000481101270865059 -0.000327596358117124 -0.000875046595888212 594.949473687501 600
0.292 -0.00045178363387024 -0.00031193705849986 -0.000854081139434781 614.328890922999 600
0.293 -0.000415425593080132 -0.000283267794697636 -0.000817776918594932 617.932887820698 600
0.294 -0.000382460264497263 -0.000250218396600783 -0.000769891078843346 597.743083185546 600
0.295 -0.0003334189247711 -0.000212294841180324 -0.0007192825302748 577.888396048743 600
0.296 -0.000294470741046276 -0.00017964901878828 -0.000674250959941695 577.34028609749 600
0.297 -0.000275268133066592 -0.000157916171689393 -0.000631371218436656 605.743973820002 600
0.298 -0.000252213732770849 -0.000131421844210985 -0.000587677641801576 620.552634442404 600
0.299 -0.000225150829223655 -9.85533379856711e-05 -0.000544911465154603 617.677191345294 600
0.3 -0.000198240609354102 -6.79910594319919e-05 -0.000499403647369147 614.236255768223 600
0.301 -0.000166816257733968 -2.90825075311797e-05 -0.000451961458049747 582.29111969351 600
0.302 -0.000135630998654903 3.52599131148359e-06 -0.000409445861055564 585.91710884959 600
0.303 -8.67448892188237e-05 6.18843499177791e-05 -0.000413763981879278 616.410716155413 600
0.304 4.59548554486378e-05 0.000246281871854344 -0.000573905766346665 625.799969805999 600
0.305 0.000381591284590935 0.000549236917912876 -0.000344339519264954 603.766620727973 600
0.306 0.00087060719091503 0.000867566717457129 0.000485194565648114 579.628880771972 600
0.307 0.000837577356174143 0.000809492798159262 0.000639355329831196 579.456101178507 600
0.308 0.000287023112604816 0.000361804217428083 0.000172052599479508 598.48463743116 600
0.309 8.04891373353577e-05 0.000190100272697891 -5.08616237351643e-05 615.547987637743 600
0.31 5.32717659847668e-05 0.000156044816658802 -0.000130362296718034 621.603157997884 600
0.311 6.94574402917216e-05 0.000157282216028635 -0.000159513839675377 596.421103619225 600
0.312 7.27966902466488e-05 0.000145653070439687 -0.000188658247725795 579.323341274037 600
0.313 7.3666053360615e-05 0.00012056181802342 -0.000237238608692995 584.16227181833 600
0.314 8.34755626651325e-05 8.50513932578801e-05 -0.000326454437831523 604.687532804684 600
0.315 0.000116969946559511 5.84028510159449e-05 -0.000423421471424971 620.895504970144 600
0.316 0.000169321158007606 7.86553602686956e-05 -0.000350962079188862 621.232292785253 600
0.317 0.000243526006064941 0.000145172539736809 -0.000140271976576053 584.468053358935 600
0.318 0.000321441717053995 0.00019875059420701 -1.4089224714651e-05 578.972727240551 600
0.319 0.000348849410489028 0.000206561014496923 2.02360230046368e-05 590.791594695817 600
0.32 0.000425336821749924 0.000279949014521285 0.000112304380262463 621.205712159746 600
0.321 0.000486349576332301 0.000330074364186654 0.000176598251523152 621.405168157216 600
0.322 0.000538043322184296 0.000361216377198612 0.000217141170761653 604.039658021444 600
0.323 0.000563337660301918 0.000358323717493673 0.000216545621207611 579.160056781035 600
0.324 0.0005648005922417 0.000323159258829644 0.000186795222756693 605.026980716042 600
0.325 0.000552824380860776 0.000243623215063296 0.00011826083739115 615.592306859695 600
0.326 0.000546895142553169 0.000229442302785247 0.000102645277157058 599.10483154021 600
0.327 0.00053653689702886 0.000234165337353163 0.000102973654063361 572.436167338169 600
0.328 0.000520599985041899 0.000232081489397981 0.00010041770423659 581.335596094477 600
0.329 0.000512011791552471 0.000235966951809859 0.000109973438106837 594.081371627767 600
0.33 0.000493110558131201 0.000235939673386636 0.000105869657737935 626.067162460652 600
0.331 0.000489901896695391 0.000259886616178337 0.00010870030841179 619.967686325246 600
0.332 0.000491482895005461 0.000296465250438076 0.000125670855760685 583.976241955018 600
0.333 0.000457885997004802 0.00032134127778126 0.000130003395072869 587.180644587851 600
0.334 0.000407558699596553 0.000343354482366537 0.000125240306924039 596.602862389262 600
0.335 0.000363693535106884 0.000359073268156955 0.000110930167333366 623.642506316183 600
0.336 0.000336184946257184 0.000383967730347016 9.59941371483287e-05 616.496433799071 600
0.337 0.000319298281104947 0.000409262999799113 8.29848344968958e-05 592.60519482806 600
0.338 0.000312482350487121 0.000428174012705817 6.95604875172909e-05 572.276863341083 600
0.339 0.000292019239200462 0.000427935638613454 4.83134624477011e-05 586.355220037192 600
0.34 0.000271443029719285 0.000421944639839603 2.98267489503336e-05 612.578145620858 600
0.341 0.00025238715933085 0.000417967601467861 1.91308318920468e-05 615.169500450779 600
0.342 0.000237507587461105 0.00041344488038624 1.39622847229417e-05 606.395235184073 600
0.343 0.00022427457376853 0.000412165397747094 1.51827380082896e-05 580.848839623099 600
0.344 0.000156247871773163 0.000390186525107651 -1.73052417654192e-06 580.968648019385 600
0.345 0.000137634225503696 0.000379887969822904 5.61395002531098e-07 589.09509121697 600
0.346 0.000201825539330712 0.000386709687162635 2.75220365337316e-05 619.992574290593 600
0.347 0.000273189759996925 0.000389171720285139 6.968686694166e-05 622.268304538117 600
0.348 0.000335847383763406 0.000380054930768286 7.60541368521737e-05 609.108658834648 600
0.349 0.000359687392577535 0.00037856467627494 7.23614191229934e-05 596.744016400146 600
0.35 0.000373983670868362 0.000402522345333427 8.25837285978958e-05 577.339136628503 600
0.351 0.000387644960113901 0.000428227579917025 9.96630687816844e-05 581.782381479166 600
0.352 0.000404008938507558 0.000451127573131457 0.000113524172315591 591.826893716876 600
0.353 0.000414054518341234 0.00045682420485821 0.000111430533450662 619.83769574089 600
0.354 0.000368393969168608 0.00043630364533017 7.01836946077893e-05 622.410550264801 600
0.355 0.000346970086409863 0.000437178642210495 4.49041301747126e-05 608.402268783119 600
0.356 0.000408802346968695 0.000441588639857817 8.32244322564576e-05 594.857663498765 600
0.357 0.00044998123845462 0.000438473351449064 0.000112277568623696 577.254519332777 600
0.358 0.000464685948871436 0.000433822440624725 0.000126571950778854 581.732692385824 600
0.359 0.000464973862484226 0.000436270859321838 0.000131914832475748 592.348392446822 600
0.36 0.000447796368066165 0.000451320929997248 0.000129212913074128 619.633686034304 600
0.361 0.000414865268522705 0.00046042040480783 0.000106897736764726 622.344591465138 600
0.362 0.000373609024597357 0.000482606049417071 6.56056295666674e-05 609.082889496431 600
0.363 0.000317186987794279 0.000464378975048502 3.75400149006141e-06 594.877408781291 600
0.364 0.000284150346546943 0.000494420331054814 -3.06290954953322e-05 574.443730944075 600
0.365 0.000252737298176951 0.000336810162013948 -0.000111484142024066 587.550204689957 600
0.366 0.000324015245174619 0.000309590480979871 -5.72759677521178e-05 605.352269113268 600
0.367 0.000388265682731961 0.00038161796740042 -1.34913335404453e-05 627.401010384124 600
0.368 0.000402536079458908 0.000421447990249031 3.76518502034683e-05 619.524255636673 600
0.369 0.000503143148006362 0.00043227782205383 0.000332839217646888 597.110564979301 600
0.37 0.000587516760298731 0.000395409359861918 0.00066747592619282 588.967445604415 600
0.371 0.000452964423195436 0.000287912148094298 0.000366047736599793 575.391619309868 600
0.372 0.000459093920770935 0.000251282048938662 0.0002568927441343 595.120219714003 600
0.373 0.000540375968315388 0.000275234922686065 0.000286215465582356 611.0100579482 600
0.374 0.000684882019136096 0.000326053332831913 0.000575673344212854 630.360044823654 600
0.375 0.000756136472559227 0.000353203369524092 0.00061600159366871 612.764182981583 600
0.376 0.000570908101075238 0.000343106311507845 0.000122979856730308 587.019020038486 600
0.377 0.000477186417821087 0.000377279145764555 8.79748716715717e-06 587.4542639615 600
0.378 0.000375470072154317 0.00036592049303485 -4.24112022770174e-05 585.055636911718 600
0.379 0.000295294418078513 0.000317757275390388 -0.000132854548972361 611.355827005056 600
0.38 0.0002916958107723 0.000273772556153171 -0.000214364515304055 619.581171957802 600
0.381 0.000403235955934588 0.000245338810174229 -0.000261882635156245 620.043320472936 600
0.382 0.000452885927408859 0.000248182332145531 -0.000225211435269404 597.636740603641 600
0.383 0.000485746060920996 0.000271792939540073 -0.000159948175148798 579.210834002099 600
0.384 0.000483153523628708 0.000263526649201572 -0.000111851049335041 593.448130231439 600
0.385 0.000452099271290578 0.000243290097223483 -8.56405406002806e-05 601.492024309221 600
0.386 0.000400582763109056 0.000208439182143863 -7.4087105222956e-05 623.920535220148 600
0.387 0.000358652626718485 0.000189900871380956 -5.51202543788695e-05 618.627840998383 600
0.388 0.000344725258684418 0.000192378495428908 -1.33689014895655e-05 610.308979258347 600
0.389 0.000347718093008163 0.000209948273287739 3.1083109615003e-05 588.027871601259 600
0.39 0.000369676271843972 0.00023501863979559 6.70442720977467e-05 590.064611869442 600
0.391 0.00039636858191749 0.000257216934663623 9.404312217791e-05 581.849931290485 600
0.392 0.00040787767617839 0.000257225181392998 0.00010550976201414 604.295429374945 600
0.393 0.00041824348617683 0.000266087577827976 0.000125174241210129 617.195110265161 600
0.394 0.000414723329123229 0.000268115947125852 0.000135003880495868 624.292122171889 600
0.395 0.000392343048749837 0.000254464389168638 0.000128764361176871 610.474179054504 600
0.396 0.000362386544939803 0.000249123498052099 0.000125719600118037 589.430768965537 600
0.397 0.000321366634882888 0.000239467772119035 0.000122367479110539 589.546401285393 600
0.398 0.000281701943922895 0.000240348584546771 0.000126688819367824 581.529268598916 600
0.399 0.000235903105214087 0.000242008449333285 0.000129718133987102 605.389097860193 600
0.4 0.000193258657964732 0.000236496565167886 0.000137383341116167 617.661854369645 600
0.401 0.000151341466872375 0.000205111296180625 0.000147747242085029 622.669509718842 600
0.402 0.000120931515586035 0.000141227253334294 0.00016445719070757 605.976220549202 600
0.403 0.000103129034170737 5.87100771182681e-05 0.000182811478068826 588.441758383346 600
0.404 9.41119016726957e-05 -8.02875998911075e-06 0.00019866424545713 589.542946904521 600
0.405 9.87308919547488e-05 -4.60058061885392e-05 0.000221058434880725 582.233669867631 600
0.406 0.000102471312293112 -7.27816577045989e-05 0.000232312545831072 604.210941901149 600
0.407 0.000116361887002409 -7.44315519772637e-05 0.000251956995657634 616.904640843495 600
0.408 0.000138507427139524 -6.22001414556835e-05 0.000277308492739476 624.878862293346 600
0.409 0.000173941933598309 -2.73933820329476e-05 0.000312448551934147 609.425120034896 600
0.41 0.000209667723190748 1.26952320774598e-05 0.000337673676317821 588.669769676085 600
0.411 0.000235919437296328 3.84811496947337e-05 0.000354511184404713 589.986428714392 600
0.412 0.000210494227595503 3.30609300991546e-05 0.000376548760265094 581.77484279997 600
0.413 0.000195688452015575 2.91467891015707e-05 0.000396002400182844 604.55510811322 600
0.414 0.000237269515170321 5.36754073198831e-05 0.000414150393945109 616.979388360291 600
0.415 0.000328631084852907 0.000101615446684701 0.000431765164865656 624.795365792316 600
0.416 0.000387731160842251 0.000143439436042341 0.00043558297272404 609.364013640478 600
0.417 0.000389292049038573 0.000136398032205696 0.000391120535587186 588.567972038692 600
0.418 0.000367278224190405 0.000142789324759362 0.000343604451187403 590.037370163949 600
0.419 0.0003436016747071 0.000146504441235228 0.000282529489495103 581.916105404272 600
0.42 0.000353737027148407 0.000151898181217038 0.000234488221759792 604.8684871307 600
0.421 0.000344767085542315 0.000154897681207115 0.000219587679279056 616.94980962139 600
0.422 0.000334389610152961 0.000142205612561291 0.000213742924703967 624.461604163814 600
0.423 0.000349124974876177 0.000156165229307388 0.00022491331246075 609.207783038053 600
0.424 0.000381856055234511 0.000189844723787808 0.00023918754933464 589.052029264371 600
0.425 0.000426944160621361 0.00026087957611933 0.000232245515163675 589.163769176289 600
0.426 0.000514530943098268 0.000437693005582166 0.000217248834051302 584.409196858323 600
0.427 0.000562222650507778 0.000547901755363947 0.000264862068856758 620.0713524899 600
0.428 0.000442392190152089 0.000361719165972916 0.000270751353530462 620.630873901404 600
0.429 0.000372684591506774 0.000306654266521734 0.000235222771014467 604.411910544744 600
0.43 0.000308640880132287 0.000273596396122425 0.000195535538682726 581.315610713738 600
0.431 0.000244727368673751 0.000214709181510193 0.000159937459772079 578.87926262817 600
0.432 0.000166810355490317 0.000112939574659628 8.33044107179202e-05 596.929455050373 600
0.433 0.0001221994312537 1.58011701173439e-05 2.41035345750096e-05 609.218552336726 600
0.434 4.70498790099541e-05 -5.86862685701906e-05 -7.12129777277668e-05 626.845866586797 600
0.435 -5.37367939008737e-05 -7.10592069238302e-05 -0.000107647462330132 616.56766156607 600
0.436 -0.000107698575275099 -9.23080818868618e-05 -0.000128221380195338 597.704918233862 600
0.437 -0.000185174656580078 -0.000136755149734729 -0.000180558166916782 571.638603976982 600
0.438 -0.000247233635786287 -0.000184802223311908 -0.000237884203894126 578.717121934379 600
0.439 -0.000274009646915983 -0.000226387117276248 -0.000282660643878054 600.610083269269 600
0.44 -0.000296408974150136 -0.000257538814823432 -0.000325292162009312 618.99031136754 600
0.441 -0.000328561726581509 -0.000275137494272033 -0.000360897636418073 622.05715496068 600
0.442 -0.000359404808424291 -0.000279268968041728 -0.000376020866622139 607.579447140612 600
0.443 -0.000371550356101464 -0.000267384739195053 -0.000366151636766132 592.51894513632 600
0.444 -0.000369767874819858 -0.000243731306398495 -0.000343552051315144 573.316783564155 600
0.445 -0.000362446251673609 -0.000226519398199832 -0.000325714708259956 580.883320459506 600
0.446 -0.000385153605235645 -0.000232196859461546 -0.000330360459238615 601.057459787405 600
0.447 -0.000445976202762996 -0.000256343827583161 -0.000349329799434717 613.654870801438 600
0.448 -0.000502772881918197 -0.000276609726453345 -0.000374216915574981 624.812179947722 600
0.449 -0.000525388973404452 -0.000277026289302149 -0.00039396104511713 610.726762120088 600
0.45 -0.000519827530832521 -0.000269784499173205 -0.000410678692640128 592.105956676811 600
0.451 -0.000527044163448198 -0.000283182632602253 -0.000430451128186539 573.294844305026 600
0.452 -0.00056103728736053 -0.000334295969046963 -0.000461849820725138 580.572231900819 600
0.453 -0.00053877568154574 -0.000306521885148465 -0.000486095447180341 601.092720576637 600
0.454 -0.000522459087078036 -0.000299429349764595 -0.000515040417941924 615.301350424053 600
0.455 -0.000516236760607433 -0.000317636785725988 -0.000543248317027678 624.965122992073 600
0.456 -0.000500805357987832 -0.000336701628981798 -0.000548618531823867 610.802253872027 600
0.457 -0.00048458878942649 -0.000339005080029879 -0.000545175994849229 592.035633598155 600
0.458 -0.000468954251028873 -0.000344244100747359 -0.000543991511617377 573.69705816893 600
0.459 -0.000482513608230753 -0.000351451807170226 -0.000547233164344767 580.796539318394 600
0.46 -0.000458535386571063 -0.000326007518974886 -0.000532717885567541 600.914446442423 600
0.461 -0.000411607303801014 -0.000298958052205172 -0.000488490881943347 616.463439426078 600
0.462 -0.000348635074604454 -0.000274003970575879 -0.000453397685225273 623.224189074082 600
0.463 -0.000263601694711532 -0.000241500084091886 -0.000404281894544625 610.278183727183 600
0.464 -0.000167822913152987 -0.000196013047457256 -0.000336101450706327 592.331073605362 600
0.465 -7.69735669645484e-05 -0.000128782374883781 -0.000253976383402386 573.472138144566 600
0.466 -2.89071829223728e-05 -7.22499118667587e-05 -0.000175970034777631 580.898788225784 600
0.467 -4.01738795125278e-05 -5.05257366240993e-05 -5.59534167683991e-05 601.02403573781 600
0.468 -0.000104997808473987 -0.000105199086321317 -2.52977787207565e-05 613.913773639868 600
0.469 -0.000134555437617217 -0.000155787123978699 2.50032439192351e-05 625.338093051725 600
0.47 -0.000182403958649527 -0.000164172580822519 5.65829553856794e-05 611.081181784366 600
0.471 -0.000227173032854696 -0.000119674592477968 8.68956400574842e-05 591.894514718548 600
0.472 -0.000251448156961611 -8.78690392186333e-05 0.000106095591206699 573.20595074896 600
0.473 -0.000266762962553752 -0.000101287180948332 8.41145734189857e-05 580.908826021241 600
0.474 -0.000256615573583364 -8.78348576662556e-05 8.22745969380775e-05 600.925980314385 600
0.475 -0.000199400911774703 -4.76869129282396e-05 9.09638878954506e-05 613.892273952353 600
0.476 -0.000154986183569268 -2.31673193146738e-05 7.5638174826924e-05 625.244619078827 600
0.477 -0.000100677491637279 1.93705396217907e-05 7.04831177679738e-05 611.312125356929 600
0.478 -7.91139511445096e-05 2.42745073729514e-05 3.86275305766739e-05 592.127334687678 600
0.479 -0.000107407849872079 -2.3405447650985e-05 -2.46207520408646e-05 573.207098767991 600
0.48 -0.000144440004726946 -6.75738660445711e-05 -7.54589436948114e-05 580.678060520444 600
0.481 -0.000177796211253292 -9.85767786546066e-05 -0.000106710585421039 600.656928383948 600
0.482 -0.00018943315383244 -0.000109559152694344 -0.000116696843252424 616.797197053848 600
0.483 -0.000165790097525414 -9.58780905170303e-05 -0.000115001622549733 622.621392127333 600
0.484 -0.000115151319861427 -6.59617636865891e-05 -8.08652091131642e-05 610.210376463924 600
0.485 -6.88386521292919e-05 -3.20650422531502e-05 -4.37728160922923e-05 592.530410645234 600
0.486 -1.13778568098598e-05 5.20450743468459e-06 -5.96373982699608e-06 573.80055891573 600
0.487 2.84614071158929e-05 2.56406777524874e-05 2.12886927504429e-05 580.758849201443 600
0.488 6.10263552279814e-05 3.11214613218767e-05 3.7166172201171e-05 600.990379595863 600
0.489 8.5523624205046e-05 2.07533712393512e-05 4.05195767164074e-05 614.90603236268 600
0.49 9.96937020469698e-05 -3.2494246358649e-06 2.5751559416107e-05 624.907314086549 600
0.491 7.82920069414278e-05 -2.23749255621626e-05 -3.01596834222093e-05 611.145713174106 600
0.492 3.07218207331281e-05 -4.23746656903495e-05 -8.23739657802272e-05 592.256689736806 600
0.493 7.52180813516002e-05 -4.56808221350068e-05 -2.51902978359321e-05 573.280788082061 600
0.494 3.44069053339576e-05 -6.33035871823831e-05 -3.93604000908574e-05 580.750144511207 600
0.495 -3.09891030897521e-05 -8.9224143371159e-05 -8.80516656733983e-05 599.705463808478 600
0.496 -9.9045526832833e-05 -0.000120511614711991 -0.000129971866232024 615.920767658273 600
0.497 -0.000135985460457947 -0.000132893899362452 -0.000103739588619794 623.730702245043 600
0.498 -0.000317962757682243 -0.000227493882260782 -9.86124909930579e-05 610.953844223537 600
0.499 -0.000361594906806317 -0.000218989525600662 -8.30741833167435e-05 591.929492903273 600
0.5 -0.000363103434455518 -0.000273167569979425 -0.000116028457187108 573.131423803909 600
