# Fix print output for fix def1
-0.000999999999999843 -1.23609404759084 -0.85092102380204 -27.0287196274222 2181.21696976458 2100
-0.00200000000000004 12.7584216883767 14.0124011054089 -30.4289513421724 2109.86042364655 2100
-0.00299999999999988 -4.60145295554688 -4.00876633414468 -27.8021514727637 2068.19184234164 2100
-0.00400000000000007 -7.28476803511207 -8.02958274005289 -28.764615773791 2124.91067165674 2100
-0.00499999999999992 6.98990597679777 6.60956675038943 -29.0700588910689 2098.32002917043 2100
-0.00600000000000011 3.5491884724321 4.20170951962028 -33.8131765594758 2098.21028885652 2100
-0.00699999999999996 -5.5549923227102 -6.26283433821338 -32.8004726188528 2130.38550737391 2100
-0.00800000000000015 -0.20509610608842 0.408088063699664 -33.389362236934 2143.76900344211 2100
-0.00899999999999999 3.66501049068966 3.42152146813578 -35.1478154683077 2083.99283252515 2100
-0.01 -1.3209128656777 -2.95748822243797 -36.8170566916434 2137.10550576018 2100
-0.011 -3.65693032404601 -1.71083529965254 -35.8361149518933 2080.2431871483 2100
-0.0119999999999999 2.90612039927942 0.811765099858995 -35.4281911955608 2026.60446225798 2100
-0.0130000000000001 0.485342190529358 0.697586212753227 -41.4778265227586 2038.93134704704 2100
-0.0139999999999999 -1.74219121264334 -2.03186317680775 -41.5202436073098 2104.74581409454 2100
-0.0150000000000001 0.548683764847337 0.699530273432111 -40.3322989478179 2115.79680195273 2100
-0.0159999999999999 1.18384609352915 0.710879385272413 -38.804511038784 2141.37968472973 2100
-0.0170000000000001 -0.642158259713137 -0.219671521590801 -31.682541354765 2183.90571007718 2100
-0.018 -0.804584484737205 0.323556970159774 -27.3602593223606 2094.97975710527 2100
-0.019 1.17522838487681 0.809560849798674 -21.8474413902417 2105.83875984755 2100
-0.02 0.121211205659535 0.345547810886642 -20.5471261433944 2061.65060273695 2100
-0.0209999999999999 0.332469179640246 -0.658542679821589 -23.3200707998815 2027.10928023363 2100
-0.0220000000000001 -0.71624181779855 0.609215490238028 -23.5300668862843 2135.51896302074 2100
-0.0229999999999999 0.706973028332482 -0.54046030439827 -24.9554147242365 2064.30331682558 2100
-0.0240000000000001 0.360840862372103 2.67116797439411 -25.9324171983242 2070.44065194892 2100
-0.0249999999999999 0.198908476014046 -0.104031333941587 -25.4773224442892 2049.60856803414 2100
-0.0260000000000001 -0.198477567451205 0.37021699448886 -22.6513317736036 2141.56896180599 2100
-0.027 0.0722269658285723 1.1405137160029 -21.1593599887212 2079.43723655118 2100
-0.0280000000000002 0.416518823007776 0.417438995879233 -20.5451524480692 2168.74979961087 2100
-0.029 -0.359179014782382 -0.163065569664177 -21.5967581412686 2132.13428708393 2100
-0.0299999999999999 -0.96103847010153 -1.40332287257586 -22.6069518528212 2106.77602726181 2100
-0.0310000000000001 -0.418275176396703 0.463351502093355 -21.7143557389617 2100.38293518523 2100
-0.0319999999999999 -0.602501161781971 0.314989793158795 -14.7888136092951 2161.10773559288 2100
-0.0330000000000001 0.278849599152093 -0.0237823311360432 -11.9984219095995 2058.9053993322 2100
-0.0339999999999999 -0.050032409101233 -0.846223215021868 -10.1298817026646 2059.42024220392 2100
-0.0350000000000001 -0.511112635090202 -0.36553143739254 -8.11299530692951 2059.54707143842 2100
-0.036 -0.115368652938645 0.344239857895595 -4.64187914500871 2081.96582533246 2100
-0.0370000000000002 0.583055271613273 0.63567690822728 -1.88266219618496 2122.11804647793 2100
-0.038 0.309596962071972 -0.212889430287052 -1.47067395700271 2092.49724344623 2100
-0.0389999999999998 -0.559425776828574 -0.308922905728209 -1.36539861076624 2147.36178915249 2100
-0.04 0.475097876079008 0.277243016752176 -1.89970720684934 2074.59859781434 2100
-0.0409999999999999 0.628743752936729 0.485946637044039 -1.70945725436436 2082.2989749418 2100
-0.0420000000000001 -0.418020888317275 -0.18885979332779 -3.69219633834997 2109.64936633995 2100
-0.0429999999999999 0.21386804962394 -0.909831882159338 -5.57004029082263 2137.54612903785 2100
-0.0440000000000001 -0.552229720382961 0.766076358895293 -4.7736112411037 2150.29769600122 2100
-0.045 0.370980237882504 -0.136365785402205 -3.21843588608837 2162.79983584346 2100
-0.0460000000000002 -0.910980027793705 -0.183779141608892 -3.94772718401188 2040.00069927966 2100
-0.047 -0.291676669344331 0.337236488681821 -4.27719294851982 2150.74731508681 2100
-0.0479999999999998 0.23139366295223 0.150683408380473 -1.58544443513111 2065.95202777866 2100
-0.049 -0.0142424719600779 0.22295060496429 -0.753910258252648 2120.41809606191 2100
-0.0499999999999999 -0.206316875937827 -0.0188499040942085 -1.74526234591376 2125.22722006513 2100
-0.0510000000000001 0.324210088410297 -0.258254137379711 -2.5913367496945 2183.68288524503 2100
-0.0519999999999999 -0.100323576939105 0.0432152217958877 -1.87133671681328 2134.71302619045 2100
-0.0530000000000001 0.393759765865087 0.100614477634556 -3.47385286608008 2118.33033599657 2100
-0.054 0.138609066586855 -0.21428821991868 -3.67899179844596 2057.34341635385 2100
-0.0550000000000001 -0.0566325687004889 0.318960136290632 -3.7479213827338 2065.06320416587 2100
-0.056 -0.0503162564890839 0.407612085207954 -2.03407145707727 2086.68091229445 2100
-0.0570000000000002 -0.321587298447614 0.184876684415153 -2.45657766942955 2158.06864908838 2100
-0.058 0.022672912095165 0.222125928512495 -2.9804498905978 2012.29571162307 2100
-0.0589999999999999 0.0796396048263353 -0.342841814328001 -2.78839468455526 2146.20938787309 2100
-0.0600000000000001 0.287504437610503 -0.16421719213789 -1.00561964088503 2133.42938204223 2100
-0.0609999999999999 0.144772419299343 0.639058743574919 -1.81884108837859 2063.56757162787 2100
-0.0620000000000001 -0.388832671522105 -0.6437324723999 -2.71046519734645 2160.6555075766 2100
-0.0629999999999999 0.714758310321258 -0.532803133618335 -3.47088598044292 2173.98486044066 2100
-0.0640000000000001 0.420479391073786 -0.0925749254582245 -2.42267910330696 2071.29715333704 2100
-0.065 -0.922677441931599 -0.66019193833972 -3.39212816982763 2093.83291568981 2100
-0.0660000000000002 -0.472872350647079 -0.350985418527592 -4.21565247468145 2064.36980694432 2100
-0.067 0.419775978483314 0.34081761058433 -3.908825044757 2117.714527629 2100
-0.0679999999999999 -0.358507045279397 -0.199397829436902 -2.4991137866085 2105.50773473183 2100
-0.0690000000000001 -0.552892192616675 0.069529142045662 -2.34665310695307 2082.83581733469 2100
-0.0699999999999999 0.336734716617803 0.0934951601582817 -1.38055897715798 2073.22617922287 2100
-0.0710000000000001 0.289499865700604 0.397852612817566 -0.467062811361043 2180.79464768409 2100
-0.0719999999999999 0.410219113230188 0.324958667666154 -0.348198816324553 2096.0412349875 2100
-0.0730000000000001 0.0964674461189024 0.337299954479804 -0.30375707777351 2092.88977387012 2100
-0.074 -0.391418763560937 0.0545495904329006 -0.821336080919333 2089.94205142397 2100
-0.0750000000000002 0.235338768440924 -0.174483854698776 -1.31288446255619 2078.44008542201 2100
-0.076 0.338229078940918 0.0294237587005922 -1.64256322695999 2040.72809733476 2100
-0.0769999999999998 -0.0170861615952213 -0.0705645922187301 -4.49677615755221 2107.67184051715 2100
-0.078 -0.942067089193858 -0.616766188242231 -4.40629213141845 2155.38553963519 2100
-0.0789999999999999 -0.396487178036259 -1.07740506848932 -2.87839246784776 2028.6322474099 2100
-0.0800000000000001 -0.225411142643929 0.604550812833241 -2.38679545926625 2038.42528346996 2100
-0.0809999999999999 0.283301463248025 -0.0185559855231614 -1.80630874755861 2103.97202071967 2100
-0.0820000000000001 -0.0516981551052239 -0.276880687678303 -0.519617352541568 2135.44070212952 2100
-0.083 0.260105875652659 0.445623009140547 -0.183181992473835 2012.13584054559 2100
-0.0840000000000002 0.264716201595127 0.285025172094631 0.166146899811403 2104.55601924423 2100
-0.085 0.523825421603463 0.280865046743205 -0.524142721683734 2131.83064482741 2100
-0.0859999999999998 -0.309704509391175 0.212228322320268 -0.75101808861918 2061.93250252164 2100
-0.087 -0.147824292779224 0.0150872790917679 -1.99812720589302 2033.68810832726 2100
-0.0879999999999999 0.41965499627366 -0.188715307122401 -2.29369134852624 2146.47336653302 2100
-0.0890000000000001 0.00185544828521223 -0.290973463208156 -2.04693632045086 2031.29518544169 2100
-0.0899999999999999 0.158448118192645 -0.566237230421445 -2.60954564370357 2079.72786149254 2100
-0.0910000000000001 -0.370498190817269 0.0376278174227246 -2.45573721815502 2041.83191874422 2100
-0.092 0.282084858583491 0.351914627688925 -1.15824063308039 2065.98339735527 2100
-0.0930000000000002 0.0176781544264889 0.262920763178024 -0.923586907923588 2075.67389304784 2100
-0.094 -0.0632393407586078 0.644405305226624 -1.48303092441848 2101.5702346226 2100
-0.0949999999999998 -0.321418272504432 -0.257986489873096 -1.16658006474122 2167.51651807601 2100
-0.096 0.311333196198908 0.142656995960448 -1.51220244740677 2067.21994646292 2100
-0.0969999999999999 0.420518968881406 0.701454413316707 -1.72686711221447 2121.10524276414 2100
-0.0980000000000001 -0.220653829195494 -0.185509180351097 -1.42389734512706 2153.51530068937 2100
-0.0989999999999999 -0.34109954963188 0.00185547770293603 -1.42901721578632 2099.64760122706 2100
-0.1 0.127493071113293 0.3182138752609 -1.00436582699248 2093.2375158129 2100
-0.101 0.248367558961159 0.272797834778199 -0.758100117911249 2071.38152474513 2100
-0.102 0.0867089349811553 0.293894264257337 -0.952461460372588 2059.46859428528 2100
-0.103 -0.224708612144118 0.598430696665233 -1.17140406526714 2079.84406661494 2100
-0.104 0.679200386707015 0.116114516891314 -1.0589825581596 2061.87414080216 2100
-0.105 0.078701801397463 -0.235689502351708 -2.14162447587193 2117.72867835098 2100
-0.106 -0.937255257764506 -0.776578807003659 -2.3508990241557 2043.2284700558 2100
-0.107 0.475355510531949 0.17576613786921 -2.29572694246927 2089.26481412782 2100
-0.108 -0.115937952070474 0.864363957149503 -2.26036866940437 2093.11601182802 2100
-0.109 -0.287875409364519 -0.186304878757192 -0.857521704425622 2195.69700348333 2100
-0.11 0.566866503094481 0.0143886452436535 -0.907921254309412 2074.34439440826 2100
-0.111 0.244539553515473 0.0114832844417504 -0.0398257915880171 2140.72327796897 2100
-0.112 -0.387353935657509 0.0552151202222877 -0.410282733749496 2146.92950797577 2100
-0.113 0.521493665905245 0.387300915215115 -0.956696981767027 2024.24297221847 2100
-0.114 0.146681688241702 -0.0458404021599286 -1.27408955375762 2086.11422509249 2100
-0.115 0.0854277916663129 -0.293379393230046 -1.45820684568276 2072.31561367958 2100
-0.116 -0.313785727687102 0.205949314189432 -1.55861149089581 2056.64001914503 2100
-0.117 0.312937705319325 0.0676819676877409 -2.01281763862375 2171.47050893131 2100
-0.118 -0.169748486746597 0.270716111710937 -1.72556103708988 2074.52949635078 2100
-0.119 -0.576702658051496 -0.253335860078216 -1.02189273000907 2012.2948222638 2100
-0.12 0.0697021045478433 0.50561740300663 -0.935696836117797 2119.11258179598 2100
-0.121 0.285729887534688 0.495473432466181 -1.3746404131661 2151.32304494815 2100
-0.122 0.323114745825526 0.0343784865337785 -0.995967887089178 2072.25199131156 2100
-0.123 -0.222734302893142 0.355584516301365 -1.10140046733473 2050.38129843321 2100
-0.124 -0.182518516039203 -0.387879708719957 -0.86811521490059 2173.65371978364 2100
-0.125 0.108820261837317 0.0559962879793395 -1.54312617339748 2120.23901831052 2100
-0.126 -0.263961447626184 0.402826939007167 -1.20555147761935 2048.29526897286 2100
-0.127 0.309725351351295 -0.336310581343562 -0.899079668497079 2070.74532958795 2100
-0.128 -0.177337223108749 0.0378969521088163 -0.389743408056954 2164.75619908535 2100
-0.129 0.0969505389432667 0.00457222475723199 -0.80164655471631 2181.29845708344 2100
-0.13 0.0973094882216329 0.13770206992317 -0.978656391289214 2161.67056113786 2100
-0.131 -0.554044543995265 0.086099979552081 -1.42251746063395 2119.87704885742 2100
-0.132 0.0308252515501319 -0.00777515716596153 -1.72861821059468 2104.64901387746 2100
-0.133 -0.155680674356116 0.0212895593389814 -1.28734028543553 2115.29279871255 2100
-0.134 -0.186394434151043 -0.24877685815773 -1.46369604036357 2087.72660049765 2100
-0.135 0.277325410526329 0.428150760951561 -1.41299010402558 2146.54416776579 2100
-0.136 -0.339212707139359 0.529100540617004 -0.100165421005873 2098.38560703743 2100
-0.137 0.250037150380484 -0.0469836089503671 -0.0303801099244219 2077.71737997688 2100
-0.138 -0.133200222171873 0.102183900604677 -1.13260882183731 2078.48328794581 2100
-0.139 0.291894656640402 0.135413123946551 -1.55251931346004 2151.84082493418 2100
-0.14 -0.00988004116784896 0.40758559779103 -0.564267557062504 2150.27566709637 2100
-0.141 0.013713482791509 -0.32496461289754 -1.15980185523558 2150.15191032466 2100
-0.142 -0.135939656879122 0.0870057628270215 -1.90912338675732 2140.37509917817 2100
-0.143 0.235696771776666 -0.10053613593491 -1.12789454210698 2070.68312534592 2100
-0.144 -0.0698562014757517 -0.232730473900255 -0.824560236029779 2175.33795256456 2100
-0.145 -0.661759634621175 -0.302647954696199 -1.43694800724739 2124.58616494445 2100
-0.146 0.4337939745026 -0.161792996437833 -1.1825628019971 2146.88174095789 2100
-0.147 0.076341958251324 0.180178439040657 -0.437703655676579 2036.31948954208 2100
-0.148 -0.181342124760725 -0.164260983210192 -0.615059350558933 2022.84421484861 2100
-0.149 0.26981846968606 0.412712029751811 -1.42718504824362 2062.95671863677 2100
-0.15 0.0822931956155057 0.105083931617806 -1.12279207755095 2008.6265483526 2100
-0.151 -0.169529031616656 -0.357417747738044 -0.810805072109989 2086.60851968178 2100
-0.152 0.126594955756051 -0.0764427741355705 -0.953266719315196 2118.87189263143 2100
-0.153 0.0321511655761279 0.148105287040754 -0.600544861032933 2143.80395924325 2100
-0.154 0.0603965430985563 0.0402476895378659 -1.10847859435235 2176.29483515877 2100
-0.155 -0.516491006621105 -0.0782278676024088 -0.767471842267013 2170.28929275645 2100
-0.156 0.432962065772856 -0.0471147214106292 -1.26560227275033 2090.77148184643 2100
-0.157 -0.0569598934199301 0.346139897484839 -0.884101105082508 2052.66130409401 2100
-0.158 0.0392745054140038 -0.689998822641688 -0.960268310147567 2167.50548770519 2100
-0.159 -0.180854197308788 0.571633806024242 -1.18012759524559 2116.07252206712 2100
-0.16 0.640184527859884 -0.317204270315565 -0.466566251208044 2058.49034114887 2100
-0.161 -0.293357729949694 0.300959181279872 -0.765814712357919 2139.65368850952 2100
-0.162 0.142976306362271 -0.0993249823820265 -0.940283580291513 2025.7030517745 2100
-0.163 0.278550978727298 0.171175153079773 -0.218655987872277 2116.5505000927 2100
-0.164 0.0517802538620548 0.23668797817456 -0.515449690155038 2061.81255735886 2100
-0.165 -0.325696605566208 -0.377125906417836 -0.990917442675904 2069.38687379997 2100
-0.166 -0.12817546773943 -0.273239857245828 -1.70154415463093 2108.2547788495 2100
-0.167 0.543912813523493 0.0736230522421431 -1.08127611712631 2070.15011449461 2100
-0.168 0.235870724925637 0.137698592987837 -0.987753891675188 2136.34555963498 2100
-0.169 -0.521514939482077 0.220419950080795 -0.47899396401076 2071.53935784249 2100
-0.17 -0.0997508818685223 0.228344234364068 -0.866161990710445 2106.9275448328 2100
-0.171 0.176827054654333 -0.200253331779213 -0.910887711657346 2104.82695550319 2100
-0.172 -0.0336885161729855 0.325200634972874 -0.407545838118161 2068.94314388765 2100
-0.173 0.0288363604567877 -0.0500496811289895 -0.604372743195774 2057.0287177354 2100
-0.174 0.0773210271257598 0.0288966632248965 -0.835937427703883 2041.0004234707 2100
-0.175 0.29763113036083 0.0240772414486313 -1.11240369790844 2074.75401484457 2100
-0.176 -0.168892424080206 0.268342012755963 -1.4680595851164 2149.94174826535 2100
-0.177 0.30149349093309 -0.482805354383662 -0.739756136628346 2092.54319285907 2100
-0.178 -0.128510436126891 0.0718306855699042 -1.18563737346649 2093.88296812253 2100
-0.179 0.158154637326628 0.00792708480436049 -0.820812247916526 2033.16811210423 2100
-0.18 0.101756168017773 0.125177266922798 -0.55915119854461 2066.80911009231 2100
-0.181 0.226531234814554 -0.00983934369080221 -0.91861079974808 2137.89791324243 2100
-0.182 0.380999078428672 0.257871848975376 -0.606314566238494 2058.95289085867 2100
-0.183 0.0713249892313168 0.325593341453131 -1.15355795868363 2081.03763769152 2100
-0.184 -0.194745869933382 -0.628647818332579 -0.990900468259126 2093.23646061034 2100
-0.185 -0.0389109682683865 0.226659694152888 -0.726426185598739 2146.36947247182 2100
-0.186 0.315019603320427 -0.0205580828116786 -0.132937732199729 2108.12130040387 2100
-0.187 -0.0434860691836789 0.159511014470997 -0.895867032109846 2130.30880709167 2100
-0.188 -0.107458311559086 -0.210576200794128 -0.78418149353963 2038.30992628734 2100
-0.189 0.159402694615806 -0.542073225774337 -0.885795984186302 2161.07961408506 2100
-0.19 -0.0434708496342935 0.292917042071157 -1.3659104239382 2032.85744906572 2100
-0.191 -0.0795217808879234 -0.217021704185133 -0.638883849029004 2106.66765659495 2100
-0.192 -0.177127624127235 0.139717057890489 -0.929524950216126 2126.41246867505 2100
-0.193 0.18902418717447 -0.25076956125005 -1.21003959330813 2110.86741298563 2100
-0.194 -0.302361915203328 0.342641241981289 -0.431907415233337 2098.25058906012 2100
-0.195 0.190449135955899 0.0686516072450568 -0.486236860528332 2084.29637655503 2100
-0.196 -0.0308451554562552 0.353110712509148 -0.283108536348797 2059.23693210003 2100
-0.197 0.105405780733367 -0.201592762617065 -0.866712496929025 2131.25109039661 2100
-0.198 -0.0941853532952283 0.10516386867613 -0.870748433330543 2131.02095511666 2100
-0.199 0.346796638126142 -0.446900556717025 -1.15359652276102 2091.66803946978 2100
-0.2 0.147815936144016 0.129979895662775 -1.22734262150171 2020.27913519168 2100
-0.201 0.194090546638459 -0.0807280161966218 -1.156618837459 2165.88249971799 2100
-0.202 -0.186202344032453 -0.39023653125123 -0.428181861779295 2038.52174081476 2100
-0.203 0.180136904203961 0.48316181716852 -0.365943550388324 2148.27264579591 2100
-0.204 0.667620055087731 0.00870546574380565 -0.951033211927053 2073.14506819495 2100
-0.205 -0.342312435609066 -0.0255425658475889 -0.508156896722257 2144.63162086014 2100
-0.206 0.113603605702419 0.152102720185395 -0.531671431818009 2136.94576844757 2100
-0.207 0.378806570258977 0.0515116496967352 -0.813517771275298 2084.35739686934 2100
-0.208 -0.40458441231843 -0.196256980192912 -1.29020994640244 2088.65263560591 2100
-0.209 0.204955518080762 0.00589794305893792 -0.485672658311505 2139.66151691591 2100
-0.21 0.0756409954637321 0.339156709092476 -0.268744690638605 2113.21287344707 2100
-0.211 -0.34369218656583 0.255790203060077 -0.835756710576565 2066.81239362676 2100
-0.212 -0.09358864334695 -0.280331810433596 -0.84386611288182 2127.5518919193 2100
-0.213 0.0210116485294822 0.0939899367244005 -1.055335570931 2125.96040900809 2100
-0.214 -0.0985548917417778 0.216968435075359 -0.765443466587626 2041.91363105337 2100
-0.215 -0.0882967139752597 0.0743714977376966 -0.792731976472149 2024.81322641679 2100
-0.216 -0.0351775457165443 -0.189693388588266 -0.55565827356086 2102.90621817149 2100
-0.217 -0.510665229608305 0.353718510499228 -0.309408599033679 2042.79931720543 2100
-0.218 0.335451539960534 -0.124545570129452 -0.720796391179716 2055.23826543944 2100
-0.219 -0.130543201363947 0.0305607564638124 -0.517408866133853 2179.28924940312 2100
-0.22 0.168148527789188 -0.0888659560104439 -1.04953915067993 2100.28835594214 2100
-0.221 -0.131363419566368 -0.39240003126186 -0.856703823512687 2073.93852499102 2100
-0.222 0.117177703256953 0.0234412329387065 -0.791456783796836 2071.06015592119 2100
-0.223 -0.382535863601488 -0.297026519728586 -0.778845811157062 2112.62127865442 2100
-0.224 -0.198869796608438 0.378207063037363 -0.581778645994827 2168.61447225254 2100
-0.225 0.239236189126154 -0.138753381355182 -1.06148393257486 2122.33439643486 2100
-0.226 0.256518340490185 -0.0309099339596541 -0.172790012116978 2114.41774923985 2100
-0.227 0.279561422125128 0.323049696190929 -0.761496891376497 2140.60969696602 2100
-0.228 -0.265376451443321 -0.0994772495253765 -0.937088766806052 2142.85679284055 2100
-0.229 -0.0254831898965752 -0.503561058003224 -1.09815448453369 2175.02098261134 2100
-0.23 -0.156443289096075 0.716706465659204 -0.594047433129861 2096.75792538031 2100
-0.231 0.108358143501009 -0.0836257381051301 0.118025799351187 2091.72320665945 2100
-0.232 -0.137492273073498 0.00698187596565965 -0.694569315427856 2042.59638363328 2100
-0.233 0.333349420660943 -0.273897055172747 -0.613280584634045 2037.24883606518 2100
-0.234 -0.125592852095234 0.107324878638308 -0.733376567109782 2024.31743274373 2100
-0.235 0.191964672628449 -0.0910929182912972 -0.914179160833465 2042.20358866209 2100
-0.236 -0.204790396193021 0.0629772809573482 -0.76651986669569 2086.75227965393 2100
-0.237 0.108278959063779 -0.471100360199059 -0.828332622407138 2112.33629585411 2100
-0.238 0.317983204690986 0.231922237588314 -0.663694127851598 2126.60736002115 2100
-0.239 0.425145853826538 0.502402039927391 -0.829914535441068 2141.254510244 2100
-0.24 -0.178959554887884 -0.242573228517286 -0.398906558772881 2121.73668222256 2100
-0.241 0.208107219336689 0.233899493481449 -0.264998276705808 2018.18625701679 2100
-0.242 0.173711720892021 0.0408570951615731 -0.998713096639533 2154.46435533274 2100
-0.243 -0.134552049476463 -0.0566565217297286 -0.768698437535033 2139.10080408552 2100
-0.244 -0.174551958969071 0.171487320445076 -0.777971129632343 2168.97342300078 2100
-0.245 0.0160901322422015 -0.0276753931450275 -0.838416279107244 2173.12072942927 2100
-0.246 -0.0916397452596131 -0.292698452381564 -0.808096561569315 2166.50051481824 2100
-0.247 0.26584900343727 0.35101113297448 -0.270941092740285 2114.22087482925 2100
-0.248 0.184439503310091 0.266106152693467 -0.736776017406091 2093.0298394899 2100
-0.249 0.0724298086997878 -0.270648632561489 -0.719807853480389 2125.62238317892 2100
-0.25 0.177994559428202 0.15822281566476 -1.25926055899361 2073.79752146411 2100
-0.251 -0.242489540933138 0.288629870113529 -0.824049763880984 2122.2409014992 2100
-0.252 -0.0140499840720558 -0.368860021064887 -0.452797447241561 2148.19586888298 2100
-0.253 0.163019890970075 0.28095979449097 -1.05418468716542 2211.21421595037 2100
-0.254 -0.00218530763700082 0.0853927908284606 -0.504679800549827 2166.86477086773 2100
-0.255 0.0237930484410808 -0.461228600057421 -0.478959116895727 2125.12411402543 2100
-0.256 -0.00221090062147247 -0.0930495078500027 -0.77571137021284 2130.97032956661 2100
-0.257 -0.151924101045422 -0.023791155409146 -0.576776033076252 2034.44326411846 2100
-0.258 0.0335457234091594 -0.147000550411101 -0.728991701176251 2058.13186788162 2100
-0.259 -0.00707864981760684 -0.351856991241581 -0.806730041360928 2125.50036175878 2100
-0.26 -0.0147179360411759 0.00471957810543709 -0.84980603925206 2056.88163145234 2100
-0.261 0.167185249338344 0.212583673282697 -0.516534887113444 2115.94164137607 2100
-0.262 0.127611368622719 0.280678192632622 -0.763294945702789 2040.49391336257 2100
-0.263 -0.266582387631221 0.0078198425231813 -0.634510587027858 2038.47772517114 2100
-0.264 0.0593470945661587 -0.0750104176197762 -1.02868467196694 2054.48873999046 2100
-0.265 0.11572513539683 0.471349910858552 -0.531938409582343 2078.15426160058 2100
-0.266 0.1003048684752 -0.217598946561347 -0.771251575727035 2067.33038204817 2100
-0.267 -0.0322442251739781 -0.254163766122855 -0.89255939129676 2080.02338468156 2100
-0.268 -0.312739263267508 0.260369299966662 -0.223847967773038 2062.33041998573 2100
-0.269 0.393447505288308 -0.157197442251875 -0.304095667628285 2063.37222534405 2100
-0.27 0.105003901037249 0.44362728391602 -1.03951888705229 2104.30142891735 2100
-0.271 -0.145772503588309 -0.414413287972708 -0.922860026357527 2080.59291731539 2100
-0.272 -0.393937709341672 0.113498547499901 -0.739994089228689 2107.64057378383 2100
-0.273 -0.0795314410367997 0.232933453487082 -0.287971437002286 2124.93328508416 2100
-0.274 0.157487516659762 0.0389258564867196 -0.760064974883367 2129.45459521258 2100
-0.275 -0.395224355443723 -0.227648463645932 -0.604957280636365 2088.91797132288 2100
-0.276 0.00935052876218578 0.0855153502773922 -0.82749325297527 2059.89551171311 2100
-0.277 -0.284118919184122 0.102676891323461 -0.52829387381814 2021.49827237026 2100
-0.278 0.22194670856173 -0.0854246908808248 -0.902619056507442 2133.23259993491 2100
-0.279 -0.102254890498272 0.031317255829803 -0.562718373806076 2110.02155237827 2100
-0.28 -0.379972586670399 -0.0450567260765284 -0.147843057784301 2081.30953238381 2100
-0.281 0.13442629747202 0.614878466302861 -0.653858402255177 2169.93077195472 2100
-0.282 -0.0524380500999033 0.232036199875838 -0.0536028049999152 2114.669048249 2100
-0.283 -0.067260732250742 -0.126910990527152 -0.450501830556235 2051.01513458976 2100
-0.284 -0.350183684344084 -0.13367925986922 -1.03034006011615 2059.89769797816 2100
-0.285 0.329293197667392 0.00794703789090831 -0.531947422459471 2080.7012928293 2100
-0.286 -0.00304190463666183 0.3420127406579 -0.36185384883588 2143.35595767283 2100
-0.287 -0.259843267451846 -0.228607703884572 -0.975685643690066 2072.38667244349 2100
-0.288 0.242671420563715 -0.341779700259354 -0.528519269378405 2066.21092062015 2100
-0.289 -0.123043541955455 0.224965534536292 -0.40232255777676 2071.34619740794 2100
-0.29 -0.0248837325042299 -0.248119162966928 -0.527959761445885 2140.08570369993 2100
-0.291 0.119031204227294 0.152649587455661 -0.753727877431155 2069.83069692093 2100
-0.292 0.0876714230885411 0.146335424713238 -0.99494717631326 2037.44698574076 2100
-0.293 -0.334426617247297 -0.0696642268456252 -0.443925805785235 2062.38629501514 2100
-0.294 0.426391099301702 0.0192150119411569 -0.989432857375102 2123.53170093219 2100
-0.295 -0.0352505102516487 0.211312820620308 -0.346130524926661 2022.204452896 2100
-0.296 -0.0696094895513038 -0.112827150698435 -0.253677990646271 2117.76326178676 2100
-0.297 0.0252673029088481 -0.301617648499655 -0.735620003947096 2112.96459668583 2100
-0.298 -0.197814570954769 -0.174017334433664 -0.839988696693509 2129.99739321288 2100
-0.299 0.125296513930694 -0.136971379785645 -0.605142903043356 2182.96834371434 2100
-0.3 -0.198293825889794 -0.196389345200692 -0.959348188491383 2124.75577109567 2100
-0.301 0.230190533260631 -0.223170293450945 -0.327308259553216 2121.51040383853 2100
-0.302 -0.0419701779956685 0.630550965825489 -0.548597261708013 2090.46332194453 2100
-0.303 -0.119618794639339 0.00227400318385572 -0.468822647722896 2125.31912924835 2100
-0.304 -0.0371204243064647 -0.37156731208733 -0.865423606768983 2119.11502260676 2100
-0.305 0.416763347694832 -0.132176602641963 -0.246178541333572 2094.04186988933 2100
-0.306 -0.0669924177630918 0.0688828578886467 -0.131444399536255 2148.76070862194 2100
-0.307 -0.425396611181244 -0.264231313855267 -0.847853703706452 2090.62968127996 2100
-0.308 0.112191484442849 0.00713221114726075 -0.625841851840375 2153.52799034057 2100
-0.309 0.634835102973098 0.547313247577933 -0.539967958812292 2125.78984312135 2100
-0.31 -0.665592800887675 -0.281050120147751 -0.525472398194493 2111.87362994595 2100
-0.311 -0.0441951736442621 0.52913108373119 -0.747883796731265 2059.8605501788 2100
-0.312 0.627824684991746 0.15925961011031 -0.835765819373461 2055.92120536219 2100
-0.313 -0.243282745290646 0.164699134490295 -0.0398952009655906 2116.42417433315 2100
-0.314 -0.337947173835 -0.30284770483426 -0.615333578687797 2100.75810448716 2100
-0.315 -0.0371217491618665 0.0825058774148053 -0.984260547068552 2003.90737879221 2100
-0.316 0.0966941931239508 -0.053714751188301 -0.278648928942187 2121.15732584655 2100
-0.317 0.173317240272289 -0.0182970871409887 -0.651230797451984 2020.40429689819 2100
-0.318 -0.292100683889392 0.0804783123837784 -0.728899284797233 2086.86305794134 2100
-0.319 0.180420958338495 0.0973482869360514 -0.576801091403096 2177.12193627129 2100
-0.32 0.0541647103773699 0.114669282592441 -0.192884831178939 2013.92413515694 2100
-0.321 -0.255518619695868 -0.139246777932565 -0.602745447203732 2127.35286906044 2100
-0.322 -0.0450397548710634 -0.225012657779669 -0.456503879675351 2035.40655372796 2100
-0.323 0.530640019851895 0.00194911660829694 -0.214922046889756 2032.30919975723 2100
-0.324 -0.280802912963535 -0.0994624416426861 -1.06353947118731 2073.22690964921 2100
-0.325 -0.282086820591006 -0.127594127831554 -0.428497981437283 2159.6078281969 2100
-0.326 0.340307729906623 0.106095545252032 -0.396905341600135 2011.89427130817 2100
-0.327 -0.101796250319526 0.503439790910514 -0.657689296638902 2160.16290055804 2100
-0.328 0.196577063815735 -0.439972098278842 -0.300985989991123 2051.813079735 2100
-0.329 0.246842272156635 0.591177870180524 -0.573132374851133 2102.75662770106 2100
-0.33 -0.249362423489449 0.0404591486038452 -0.396515162257615 2186.81083258515 2100
-0.331 0.119955581096446 -0.103214727630024 -0.734320078775156 2111.24779036231 2100
-0.332 -0.00591385367438867 0.0684182621058441 -0.604922260840943 2126.54376376673 2100
-0.333 0.399458579551695 -0.326652813485194 -0.136754314489447 2039.66552526221 2100
-0.334 -0.0340652815920614 0.177092042973784 -0.680195987453123 2187.20963965361 2100
-0.335 0.294295948294437 0.28949584844359 -0.571221982394258 2021.52770953246 2100
-0.336 0.315045678899832 -0.334774511132608 -0.590922968361915 2117.47175503971 2100
-0.337 -0.430343547489841 -0.00355004218109043 -0.719555479163673 2113.63305344485 2100
-0.338 0.253243474291602 -0.251837757706827 -0.544211783184665 2187.89143112859 2100
-0.339 0.45141077710728 0.607708348325312 -0.330955579638878 2111.85898545598 2100
-0.34 -0.27368117370082 0.0346247531061179 -0.457163030789069 2025.01805561321 2100
-0.341 -0.0890421376442275 -0.122249040897321 -0.593037557497584 2175.013741417 2100
-0.342 0.379534772145744 0.374061676939778 -0.568971882062123 2040.05636442639 2100
-0.343 0.00744766906443706 -0.121777952386247 -0.870717580485867 2170.09424506867 2100
-0.344 0.0837100584242345 -0.632636763400144 -0.75312618434614 2019.61777433854 2100
-0.345 -0.174649728740441 0.434169438780394 -0.526765474910886 2095.37248044608 2100
-0.346 0.297839496915644 0.584936525355408 -0.303228821816107 2161.0120391697 2100
-0.347 -0.27581095268486 0.157689875682864 -0.356583852237027 2035.4916948377 2100
-0.348 -0.262279487044483 0.330500367550759 -0.7089463850511 2162.67311194763 2100
-0.349 0.448047893801131 -0.0581843422016403 -0.462641253917708 2111.67468914143 2100
-0.35 0.0740758435553154 0.0448019976118695 -0.735661825445291 2060.88877137529 2100
-0.351 -0.0264969971879949 -0.214567648851244 -0.942942905147364 2115.0164050863 2100
-0.352 0.119714811255259 0.133439471212556 -0.148109309848963 2055.51305335739 2100
-0.353 0.18323994564235 0.201490598104775 -0.604614966821145 2175.3857652334 2100
-0.354 -0.214294361275185 -0.1648417468903 -0.675177136689504 2165.97951954783 2100
-0.355 -0.0494318427064069 -0.0112912487501365 -0.473292822480058 2145.57617285273 2100
-0.356 -0.147716347990101 0.449873894117701 -0.117455984519882 2005.29088403284 2100
-0.357 0.240492822072892 0.0892570450577153 -0.955319219596976 2059.55949421457 2100
-0.358 -0.210400616074432 -0.279678783806487 -0.522286152858683 2075.32834499774 2100
-0.359 0.198614554359425 0.227044520477136 -0.628632300528 2098.33789561658 2100
-0.36 -0.307967993112275 0.45085457613873 -0.496792349134478 1994.65086429565 2100
-0.361 0.0657862802920623 -0.440941168657234 -0.290452566425489 2067.07727210597 2100
-0.362 0.245028110534879 0.308249859640041 -0.899511413671954 2151.92249628774 2100
-0.363 -0.0784930825954736 0.0203019647412271 -0.494347024042835 2065.52494579296 2100
-0.364 -0.425095576921807 -0.102064418557481 -0.581001278099043 2126.69967802622 2100
-0.365 0.444686441571041 -0.181440687063502 -0.40167823815741 2127.40349745269 2100
-0.366 0.00586802876767436 0.0298830620713247 -0.66137690993613 2087.34038991717 2100
-0.367 -0.372056789659643 0.267394769630664 -0.497822650496318 2030.60677514516 2100
-0.368 -0.0661556493948652 0.127160300166362 -0.176327684293195 2051.45119973365 2100
-0.369 0.536812517243269 0.0665606172863992 -0.6510320306614 2156.36411052676 2100
-0.37 -0.124516826485517 -0.279718702670898 -0.488609457891122 2173.65270252285 2100
-0.371 -0.339145108664049 -0.187144256273934 -0.463167731356357 2131.08464790678 2100
-0.372 0.573815442717092 -0.312474137343082 -0.697499482670573 2032.54591024146 2100
-0.373 -0.00095882281387364 0.0377743767951338 -0.220773281954207 2182.8612434787 2100
-0.374 -0.192521995058281 0.168370211831263 -0.459596298238237 2055.64067800884 2100
-0.375 0.312705554552309 0.215336273914567 -0.458655904690788 1983.22802506474 2100
-0.376 0.279676526701269 0.119659474536905 -0.351583659030267 2195.51199963886 2100
-0.377 -0.141182813183549 -0.00555300646723623 -0.856129080383499 2063.22390348478 2100
-0.378 -0.0181161090105086 -0.28937066385692 -0.563500420510675 2097.2861690102 2100
-0.379 -0.0693630986307338 0.031456282314659 -0.453118115624968 2133.96648723398 2100
-0.38 0.126943764079329 0.163692863874975 -0.632444020416812 2066.12721587848 2100
-0.381 -0.00911702527843435 0.0948300967486261 -0.484041006239389 2120.30058966998 2100
-0.382 -0.109896528766804 0.149851240471337 -0.515580874806409 2044.17252555399 2100
-0.383 0.332901441367157 0.0252311294130888 -0.638488604618832 2097.60764317011 2100
-0.384 0.220067171738342 -0.0689218623298761 -0.881359049709702 2141.63472793792 2100
-0.385 -0.150237063201985 -0.114783975690525 -0.157595841415605 2146.59523812303 2100
-0.386 0.0970422137937471 -0.253249661717649 -0.977911988182813 2175.35028190945 2100
-0.387 -0.130940943227797 -0.19890631088164 -0.385120129785896 2078.27820030881 2100
-0.388 0.144917117917778 0.311038731957479 -0.349299402638822 2063.79350034588 2100
-0.389 -0.051538963533176 -0.239860024137344 -0.107687131560211 2024.20393544163 2100
-0.39 -0.0713905242421906 -0.3779380821726 -0.525901132400281 2151.72938103268 2100
-0.391 0.0324399376182126 -0.116005435663777 -0.45342803206359 2180.33133071748 2100
-0.392 -0.0633384899542481 -0.188634528545241 -0.721889488151048 2170.27739116065 2100
-0.393 -0.0592787984155073 0.105322613664115 -0.400145275285883 2074.77807874609 2100
-0.394 -0.371454955293752 0.421876772366278 -0.437759165467781 2117.43417425697 2100
-0.395 0.398791054327473 -0.388003607117037 -0.743013343494394 2068.58926994603 2100
-0.396 -0.313737953976781 0.00445494495322647 -0.5611592921316 2104.53024523474 2100
-0.397 0.0290250416493277 0.270049553656861 -0.600070798906032 2085.78445093686 2100
-0.398 0.0808612546564677 0.430646623186761 -0.475462708581457 2078.2712724575 2100
-0.399 -0.177426348734409 -0.316197759979364 -0.473411124638834 2142.48806703838 2100
-0.4 0.143174147132799 0.119041008703814 -0.757268988283815 2145.10921488313 2100
-0.401 -0.334783271433551 -0.000525772133025454 -0.378391376274414 2067.53345714403 2100
-0.402 -0.192554394965933 0.174293971718534 -0.652708647176612 2160.26473578735 2100
-0.403 0.535579830692425 -0.165925287571949 -0.394553276207534 2065.43079206764 2100
-0.404 -0.500667833446734 0.170954348144488 -0.201965119859159 2173.35595037154 2100
-0.405 0.091845977744813 -0.19499967626868 -0.430637936874042 2073.99282249641 2100
-0.406 0.250683602848847 -0.0654350076555183 -0.1460844604569 2048.56048484086 2100
-0.407 0.134366819877222 -0.0127897837035989 -0.506090026862871 2075.93200080005 2100
-0.408 -0.0983811724285892 -0.155585487218492 -0.429321516371298 2145.18677838964 2100
-0.409 -0.0317138444898113 0.305193287136404 -0.538889226772489 2150.93407610308 2100
-0.41 0.366915557336027 -0.181969259009046 -0.207696773896627 2046.07976993684 2100
-0.411 -0.293497919336691 0.194147027564012 -0.612076924964652 2063.38368647876 2100
-0.412 0.0354254563517986 0.0861416256432043 -0.129645046358841 2067.55034841859 2100
-0.413 0.272954711239295 0.372026035020589 -0.676082364424222 2115.90864260209 2100
-0.414 -0.400934661025718 -0.16618149594983 -0.531372590043173 2027.62786321635 2100
-0.415 -0.464151544137875 0.0281765511358816 -0.536434660789701 2072.21462158148 2100
-0.416 0.538234168196957 0.120835266626057 -0.0688092156868068 2130.50180250226 2100
-0.417 0.016796399695803 -0.0320024437769742 -0.325908046118923 2077.74992160718 2100
-0.418 -0.453797549320656 0.210075191695464 -0.532892426093403 2094.5358508095 2100
-0.419 0.264326199969272 -0.107110973835431 -0.138939903339876 2086.58816981873 2100
-0.42 0.0731336302292132 0.343021675114066 -0.29984798680303 2110.93263018145 2100
-0.421 0.266285780734255 -0.478745905015381 -0.796263854173263 2139.27955755779 2100
-0.422 -0.49949739287341 -0.0423104024884578 -0.492795556900878 2134.75550032028 2100
-0.423 0.162166094618524 0.311437178517181 -0.751630660722751 2101.5875089873 2100
-0.424 0.0697161541059021 0.0273807924721756 -0.12203140647472 2119.77472114546 2100
-0.425 -0.34366157460976 -0.377403628107774 -0.364530127479623 2136.7001953086 2100
-0.426 0.016649342589098 -0.350605172182007 -0.367954553664766 2158.73108181105 2100
-0.427 0.271922837624245 -0.159056235405523 -0.715243506734349 2135.50717992953 2100
-0.428 0.0139658426013431 0.0181086522698232 0.0612707579977602 2042.044017885 2100
-0.429 -0.0471217945426888 0.228486001478275 -0.77361860110496 2131.72313729977 2100
-0.43 0.181780057175994 -0.392015444710365 -0.224695849952241 2103.41468204239 2100
-0.431 0.11628411645065 -0.125373068763709 -0.828385114554576 2023.99456744475 2100
-0.432 0.002817129545172 0.143407765117874 -0.401106100601744 2108.88057227311 2100
-0.433 -0.157492968633547 0.0996852671542422 -0.352525785186573 2113.05521865541 2100
-0.434 0.235975255461859 -0.585936697834367 -0.143286298463464 2089.73007206545 2100
-0.435 0.118754315428844 0.0204523494914141 -0.441887836752351 2074.27685398012 2100
-0.436 -0.118525527919203 -0.0685921440375168 -0.0721792025564231 2021.79478566395 2100
-0.437 0.22470609368497 0.482165661422795 -0.185930136338975 2094.57808501668 2100
-0.438 0.369176121368081 -0.523509312214859 -0.731250011869835 2146.8177578209 2100
-0.439 -0.520203001737958 -0.408495899504438 -0.925911477179126 2150.33342020104 2100
-0.44 -0.117562213879475 0.602373602918505 -0.340636623941499 2060.73658840386 2100
-0.441 0.19515952672477 0.196017293160991 -0.195433147693005 2115.69881234427 2100
-0.442 -0.10932765996377 -0.330393015557733 -0.559703400075174 2170.61175598698 2100
-0.443 -0.288441727486315 0.22842873409504 -0.576477286297698 2183.33760887188 2100
-0.444 -0.136967541963583 -0.257686358002166 -0.388538410129916 2030.92420247712 2100
-0.445 -0.136057950289259 0.411898585508545 -0.612736495748378 2088.07208971454 2100
-0.446 0.237300913032877 -0.32239268548862 -0.316945870742815 2065.36672173444 2100
-0.447 -0.167548852458683 -0.10443704491325 -0.463339373952257 2186.31915839244 2100
-0.448 -0.223433281199534 0.37982419535683 -0.481106695949645 2154.90192943288 2100
-0.449 0.266467401612299 -0.738055082568629 -0.309105684255437 2044.74112486544 2100
-0.45 -0.267563449056745 -0.337124809794613 -0.708545480640127 2131.7088912368 2100
-0.451 0.00201527728028137 -0.408648950293645 -0.502640475958582 2086.02825445133 2100
-0.452 0.188757938819986 0.370380634816974 -0.655888735614496 2208.44125863504 2100
-0.453 -0.114477510569165 0.392458449027306 0.0713965644662825 2176.76572822707 2100
-0.454 0.0817624096108362 0.184580269438073 -0.39454357604075 2162.97917349435 2100
-0.455 -0.398898378117488 -0.242748966876243 -1.0636155069495 2104.15529634311 2100
-0.456 0.104860383688691 -0.136735249350268 -1.0153601209387 2078.91176617128 2100
-0.457 -0.120590749504843 0.0899674200726127 -0.0546065404743104 2146.73621951944 2100
-0.458 0.144434011812629 0.314328848791419 -0.526211745014074 2079.28935805455 2100
-0.459 -0.358255628642378 0.104150500670467 -0.163828152671064 2206.34740492905 2100
-0.46 0.0527052019867563 0.0488341184651822 -0.445262907738356 2109.15462205874 2100
-0.461 0.0659986681092154 0.0108812309996634 -0.6116213444374 2077.71641768958 2100
-0.462 -0.28500662493512 0.230756859969047 -0.540627090428362 2072.87501217094 2100
-0.463 0.296096645619289 0.019577843297786 -0.48036527180139 2031.26881602462 2100
-0.464 0.177262469073857 0.0835461650945921 -0.153987670677172 2047.75325686972 2100
-0.465 -0.121880832655753 0.0928627216445484 -0.657368878270521 2012.9189308342 2100
-0.466 -0.0824919655778769 0.34745508115868 -0.717507218257053 2145.51185980156 2100
-0.467 0.184896214503386 -0.0471897400984288 -0.247303123046284 2118.30521710821 2100
-0.468 -0.445389891115034 -0.304229282579667 -0.257656172244223 2087.2338726992 2100
-0.469 -0.139239793452818 -0.103963757546394 -0.6293533265494 2082.63604658492 2100
-0.47 0.551009538840316 0.00493372815026686 -0.227142675453502 2091.03239719192 2100
-0.471 -0.000255062401240359 0.603770293775919 -0.658470128093399 2206.64984734613 2100
-0.472 -0.0356138398971293 -0.534388911678836 -0.746055607141507 2071.89067713988 2100
-0.473 0.00785926504878039 -0.349110003553037 -0.449422747947126 2001.91258605069 2100
-0.474 0.133259768455016 0.357823881906568 -0.462312145064478 2158.3669049748 2100
-0.475 0.172704382376068 0.101750948097753 -0.30520511281322 2173.82205587384 2100
-0.476 -0.567716395415178 0.296960296891526 -0.552698565141591 2081.71026789387 2100
-0.477 0.292331797313048 -0.449481196302873 -0.60654805608496 2129.02944034632 2100
-0.478 -0.0778529899051519 0.340535197500092 -0.786509550722215 2074.42345116626 2100
-0.479 -0.210353192092639 0.0181807066617113 -0.243918907951933 2029.19967630277 2100
-0.48 0.0100432338477462 0.191436502554579 -0.712631876442562 2024.35566284794 2100
-0.481 -0.283408151935727 0.0764381454301338 -0.093199054713287 2050.03657835239 2100
-0.482 0.264538383276068 0.190379025045468 -0.377386902357835 2163.86038609358 2100
-0.483 0.215030650721808 0.275660127339027 -0.693902327708694 2116.71049657193 2100
-0.484 0.198063374484546 -0.0501262319268959 -0.366837506612585 2142.60785100132 2100
-0.485 0.0404011029149685 -0.230312273943715 -0.440886293134861 2181.20869645124 2100
-0.486 -0.029845185415943 -0.134543241780617 -0.381661369136721 2093.69417476469 2100
-0.487 0.316712267992686 0.166923210059116 -0.446302801268658 2013.45068104955 2100
-0.488 -0.207717174576474 0.0196504164298688 -0.302001114668921 2116.37911788601 2100
-0.489 0.29293786191635 -0.187986698990321 -0.435709341991109 2105.2550237194 2100
-0.49 -0.0720325013398402 -0.0718284456376068 -0.598639850485164 2118.28531109467 2100
-0.491 -0.231331446631482 -0.125399392912719 -0.803664704006149 2153.86978269526 2100
-0.492 0.26818684501206 -0.101226675781534 -0.0704866421027712 2193.6991451326 2100
-0.493 -0.0820845169948847 0.637645197499894 -0.252982782669964 2090.17271689152 2100
-0.494 -0.190230870314529 -0.374306510443666 -0.232972192658967 2093.3985277382 2100
-0.495 0.133905301016062 0.350164241125659 -0.799362519773476 2094.42386503668 2100
-0.496 0.328980001991251 -0.448543843162588 -0.188929053700356 2112.49392772868 2100
-0.497 -0.20882301278956 -0.180166856649718 -0.389395513591628 2176.02166492239 2100
-0.498 0.0458673050719794 0.247376425529055 -0.254124731229818 2018.79305508512 2100
-0.499 0.471265926759916 -0.251292899773002 -0.418453436711301 2112.52044312271 2100
-0.5 -0.661760355548917 -0.295342292096703 -0.285418222468268 2024.56611531385 2100
