# Fix print output for fix def1
-0.000999999999999843 -0.260214827019601 -0.419877496940049 -28.9036973581647 1204.53318540758 1200
-0.00200000000000004 13.1218714237948 13.9001819240797 -33.4827849267751 1193.20413169281 1200
-0.00299999999999988 -1.65209600005204 -2.15584767240169 -32.9078749002195 1221.37078924851 1200
-0.00400000000000007 -10.2410644039394 -9.89452266553773 -30.5815854104386 1223.37578227231 1200
-0.00499999999999992 3.50080901275632 2.20602614551178 -33.7102501061784 1203.41223494824 1200
-0.00600000000000011 7.29730328871905 6.44229569292512 -38.3187496359565 1240.45387332508 1200
-0.00699999999999996 -1.58272159979102 0.838896176536277 -37.4852652638103 1201.84178284035 1200
-0.00800000000000015 -5.5659847490893 -7.58643555301075 -36.9166930235764 1219.82058921276 1200
-0.00899999999999999 -0.46240312905093 0.822986324479766 -38.4555042009887 1177.63961330777 1200
-0.01 5.22681686650153 4.6365623906633 -38.8326045212209 1192.24493507632 1200
-0.011 0.68541067900417 0.0932897241493702 -42.0946241234712 1223.24728177413 1200
-0.0119999999999999 -4.85337463431085 -3.10802254291732 -45.1562210688625 1203.92385054588 1200
-0.0130000000000001 0.0469511268613409 -0.968798881024196 -46.5931705097333 1167.71140846965 1200
-0.0139999999999999 3.04200123086025 3.41829903895616 -46.0600716778767 1232.63566303577 1200
-0.0150000000000001 1.95160619621835 2.52825996640939 -46.4379676610109 1166.47813931921 1200
-0.0159999999999999 -1.44157481256466 -2.62625720875884 -46.8923667979692 1191.22055973496 1200
-0.0170000000000001 -3.06296801683522 -2.67872857846041 -48.1540354163916 1234.74743276847 1200
-0.018 0.83895367557519 2.16957332112967 -50.4310945036717 1254.88700082083 1200
-0.019 2.43843001903547 1.85602732272985 -48.7487515335848 1218.06193393359 1200
-0.02 -1.02916297977076 -0.251735883075242 -47.1690873533563 1211.59803575282 1200
-0.0209999999999999 -1.12823624825879 -0.755013917525999 -46.5963287309892 1220.67089558015 1200
-0.0220000000000001 -0.720243242713956 -0.429684871412674 -38.4968705060095 1163.69842471151 1200
-0.0229999999999999 -0.439645971938946 0.261116695041433 -28.43877176504 1202.80221050227 1200
-0.0240000000000001 0.62304620468726 -0.495615537481581 -17.0772014111145 1194.8055482623 1200
-0.0249999999999999 -0.415873375174694 -0.42442629536031 -15.2415602550936 1223.33049988068 1200
-0.0260000000000001 0.108055365974576 -0.267326590480467 -16.3141777897428 1231.92849496307 1200
-0.027 0.502960302902578 1.01797947893739 -20.1585006123586 1184.38544148302 1200
-0.0280000000000002 -0.13825616495486 -0.440091984549261 -17.6568720977795 1179.22623060904 1200
-0.029 -0.491472076994873 -0.71458684453694 -11.5257084709189 1189.03642315061 1200
-0.0299999999999999 -0.138785036995417 0.0681270138837509 -7.26411680671716 1222.88286141537 1200
-0.0310000000000001 0.406892979680327 0.114323273011032 -3.37908640699564 1166.62124567574 1200
-0.0319999999999999 -0.125489334779949 0.0760841398667031 -1.55035376532611 1192.83322836187 1200
-0.0330000000000001 0.446898982157616 -0.269153284859487 0.0106609807300488 1202.90466288883 1200
-0.0339999999999999 -0.252708169274651 0.428617354293044 -0.143519000732738 1205.12529037837 1200
-0.0350000000000001 0.587781497671614 0.0794491091774738 -1.23893332189113 1174.18696466888 1200
-0.036 -0.26817875296178 -0.08318738018917 -1.57416360052465 1205.31411040086 1200
-0.0370000000000002 -0.0685255012044657 0.0174023249756085 -2.91688411493871 1196.79826657626 1200
-0.038 0.135567209212924 0.0733557337408466 -5.24701819969433 1185.52841162619 1200
-0.0389999999999998 -0.2308406388423 0.209298958398103 -4.54561774903004 1219.31420441854 1200
-0.04 -0.136959695216194 -0.189291291279186 -4.82999056500039 1207.23742583152 1200
-0.0409999999999999 -0.290578165880495 0.122103275037713 -5.72408696267106 1184.0138346612 1200
-0.0420000000000001 0.421048959678647 0.244155437720524 -6.44473425711856 1181.14457507463 1200
-0.0429999999999999 0.32134666769154 0.136115363777313 -5.46739382447357 1151.67234018427 1200
-0.0440000000000001 -0.465915871537046 -0.45631212890601 -5.72025740362996 1218.75491882461 1200
-0.045 0.382536832377266 0.185298442407027 -6.84035549125925 1218.15581773527 1200
-0.0460000000000002 -0.0434652397937754 0.109547928355153 -5.79781362508331 1219.85438156742 1200
-0.047 -0.352079345281075 0.126036047487505 -4.34613993504964 1199.54165887534 1200
-0.0479999999999998 -0.0300629869755423 -0.437259733352063 -4.23864831229862 1204.9967799057 1200
-0.049 -0.725578292775581 0.0181000440336335 -2.74836121250782 1229.70180383658 1200
-0.0499999999999999 0.469889692671588 0.510849736421035 -1.12762808696454 1178.00458919986 1200
-0.0510000000000001 0.839454469113198 0.0463460826755156 -0.105968180366119 1209.53126043383 1200
-0.0519999999999999 -0.364820635598023 0.0162289144913759 -0.300092835470487 1240.90800621975 1200
-0.0530000000000001 -0.0514928216402154 -0.333971181859687 -1.53191727401636 1227.29864005865 1200
-0.054 0.325245272975827 0.00610403384500456 -1.23414834210722 1210.78136369607 1200
-0.0550000000000001 0.392312353855224 0.0776124735905085 -3.40510808957489 1189.96540424143 1200
-0.056 -0.465805302128267 0.191210074277248 -5.33807687008619 1196.46244839965 1200
-0.0570000000000002 -0.420747350258638 -0.737944139795438 -6.40655341963096 1197.7652694589 1200
-0.058 0.00480076076856311 -0.0392503776059041 -6.09612659487367 1229.17548035553 1200
-0.0589999999999999 -0.111572083900055 0.256602202665946 -5.58358325503976 1196.11207500864 1200
-0.0600000000000001 -0.0150551621985903 -0.0879225732241004 -3.79863598302148 1223.37222119252 1200
-0.0609999999999999 0.126402572312354 0.0223358911239355 -2.63358811997631 1170.9377322691 1200
-0.0620000000000001 0.131126987613603 -0.287823120246911 -0.768060914184121 1226.59333948046 1200
-0.0629999999999999 0.213136807569262 0.0748882032114619 -0.714406935741145 1198.6274237657 1200
-0.0640000000000001 0.25001319957782 0.314325635617326 -1.38021783331026 1167.35230173478 1200
-0.065 0.178384500738633 -0.0557943642822386 -1.18669167436581 1197.33601497019 1200
-0.0660000000000002 0.0230697791637654 -0.102756850903824 -1.50977736015377 1210.595572637 1200
-0.067 -0.0605762185361604 0.283314297952838 -1.96463819052739 1176.58774477194 1200
-0.0679999999999999 0.100140003951448 0.632930513563266 -2.5522303867926 1154.16928692 1200
-0.0690000000000001 0.242304116382865 -0.262354143234892 -2.40234206355284 1172.51120677475 1200
-0.0699999999999999 -0.010947011691432 -0.309797422125556 -2.3522645310955 1177.80198606252 1200
-0.0710000000000001 -0.211323885193644 -0.0726667442731677 -2.77269931216146 1176.59064037535 1200
-0.0719999999999999 0.31338299316955 -0.0213734332864977 -3.44356825325812 1165.83986602341 1200
-0.0730000000000001 -0.0941761563654309 0.191363889777267 -2.96314733577408 1213.60035472846 1200
-0.074 0.0308858367351819 -0.150749530974075 -3.63030257409311 1184.50613059323 1200
-0.0750000000000002 -0.178009220559043 -0.137522017660628 -3.55116604499493 1160.61122456545 1200
-0.076 0.0656356300367487 -0.130411121270815 -1.95030932504704 1202.14419243053 1200
-0.0769999999999998 0.312669196555601 0.424051994083898 -1.91909377472062 1184.44397963719 1200
-0.078 -0.179878496696644 -0.0660162886215155 -0.720994931087967 1207.09842295873 1200
-0.0789999999999999 0.185034050072693 -0.134591201255795 -0.683388606876224 1166.10332172587 1200
-0.0800000000000001 0.283129928737873 0.449507860211463 -0.534401348278166 1196.60257255373 1200
-0.0809999999999999 -0.141097697982288 0.220447802999314 -0.734150376078343 1216.64487866669 1200
-0.0820000000000001 0.0596933683788807 -0.165683021895578 -1.88444858910548 1193.54032402195 1200
-0.083 0.0467480069999313 -0.00725630371465666 -2.7454638038077 1213.3868751129 1200
-0.0840000000000002 -0.301046585801051 0.264547619374611 -3.11145292041332 1168.38034958889 1200
-0.085 -0.0607515149049877 0.177845312351037 -3.43631125862944 1215.02536893483 1200
-0.0859999999999998 -0.539920241020867 -0.435686197352436 -3.2551962260318 1256.12333943833 1200
-0.087 0.120984879664694 0.0735073276316198 -1.96151279885783 1172.26766781806 1200
-0.0879999999999999 0.243618084988579 0.0015960253908867 -1.31201987252385 1162.55891130298 1200
-0.0890000000000001 0.326036366545211 -0.0329703525820972 -1.4036547177428 1236.39593974597 1200
-0.0899999999999999 -0.446316204394379 0.0545425608673304 -0.938511572289402 1179.81746203419 1200
-0.0910000000000001 -0.0421983034917703 -0.032745384122615 -0.196552599379735 1208.63245460377 1200
-0.092 0.135408071045456 0.257953980111296 -1.50843539857222 1199.3048909948 1200
-0.0930000000000002 -0.0135799317424801 -0.105931175936843 -1.63191361939698 1230.45380746044 1200
-0.094 -0.0978972968902293 0.0156841766322401 -1.41964623166229 1221.25019087796 1200
-0.0949999999999998 0.484922310495789 0.231987635146986 -2.52820972539946 1204.8348537437 1200
-0.096 -0.483931251781649 0.163273903599207 -1.7967408361594 1182.52057902873 1200
-0.0969999999999999 -0.113468308560393 -0.337400159357536 -2.27263403761912 1229.33735492158 1200
-0.0980000000000001 0.102275563236994 0.0124968017966525 -2.23935614860717 1183.28300417241 1200
-0.0989999999999999 0.198309262738011 -0.170460144205589 -1.64617712001159 1206.01973150925 1200
-0.1 0.211556764606312 0.204808481470348 -1.57913480598228 1169.14383865137 1200
-0.101 0.0167353209746188 0.0410876749436128 -1.82367464310575 1227.78384115535 1200
-0.102 -0.198619093145358 -0.40861426218594 -1.14032779768279 1187.2074887451 1200
-0.103 0.119593674234531 0.137754762993378 -1.29889627859349 1221.88358373197 1200
-0.104 -0.0916345837882101 0.331088038040033 -1.1568122135787 1170.5197793328 1200
-0.105 0.19396136100298 -0.0441528724356863 -1.01408150497877 1158.36242670773 1200
-0.106 0.212612852859004 -0.0540137563233664 -1.07709140722299 1251.29677472583 1200
-0.107 -0.167504152788824 -0.179370564914865 -1.05083997001303 1168.27129133016 1200
-0.108 0.307664871087238 -0.0374394874467419 -1.72687152136054 1232.40667869363 1200
-0.109 -0.390311806716087 0.0962270439580278 -1.99517385820152 1158.95677593222 1200
-0.11 -0.055918876620044 -0.137654770877819 -2.01671311755088 1209.51688831154 1200
-0.111 0.236125076414305 -0.151597373821205 -2.47366306836256 1169.00828037396 1200
-0.112 -0.224862820137475 0.0942087587138666 -2.10500632142335 1181.54377395074 1200
-0.113 0.211369960931329 0.10731713357503 -1.09514298935684 1213.35858543586 1200
-0.114 0.129120885752243 0.121866973600582 -1.19204876901845 1217.94976441665 1200
-0.115 0.474266602221195 -0.0497068957001738 -1.04207113374717 1183.6732229102 1200
-0.116 0.320932207779672 0.130255978078969 -0.807054521888389 1163.69648301862 1200
-0.117 0.317091642406419 0.153168070951394 -1.09631851887486 1229.66062793693 1200
-0.118 -0.203490230107814 -0.0106211545847091 -1.79080853027103 1202.88901139884 1200
-0.119 -0.237360375738291 0.0813193630640005 -1.4977705437558 1227.35576401464 1200
-0.12 0.185007117206178 0.0523708143753647 -1.78934989207433 1232.83104363077 1200
-0.121 0.0914443160053269 -0.0897359679984662 -1.84572007418683 1169.10796182071 1200
-0.122 -0.350658202437083 -0.31642743090377 -1.72456198279096 1143.11057325012 1200
-0.123 0.314875267259125 0.185106411693689 -1.51761487244008 1183.78101535782 1200
-0.124 0.185028681301978 0.230819166306506 -0.91350072919294 1156.54126741255 1200
-0.125 0.0459242875713591 0.162165572948677 -1.18109560001933 1245.82279448487 1200
-0.126 0.360993651795769 -0.206545228254047 -1.23544190317212 1222.82865857533 1200
-0.127 -0.508447718448207 0.0272682117888121 -0.850656954294613 1215.73407364567 1200
-0.128 0.261571224231223 0.475655541431938 -1.57565035791602 1141.46998523265 1200
-0.129 0.447429169819396 0.110557355531469 -1.31929717894444 1185.68600621252 1200
-0.13 -0.15102708855431 -0.383173844920192 -0.92879912634019 1207.75945156426 1200
-0.131 -0.14543114090846 0.179701412088822 -1.30205627528799 1178.07690564742 1200
-0.132 -0.030825490647009 0.032678469934946 -1.19593759702228 1183.31740439175 1200
-0.133 0.114509997647346 0.187899223194474 -1.38610729342041 1176.07317065308 1200
-0.134 0.426949705938688 -0.0876527615251168 -1.67779729779862 1185.65729693569 1200
-0.135 -0.315534674832167 -0.447035687607254 -1.62258807037912 1247.93434139044 1200
-0.136 0.157756794931974 0.372623283861002 -1.74877262005668 1225.85015658531 1200
-0.137 0.199150158813255 0.34179559162279 -1.34263909066565 1200.54988810368 1200
-0.138 -0.17941550287469 -0.596132817373873 -1.37003338669385 1186.63658656523 1200
-0.139 -0.0529711826850248 -0.00902211696034308 -1.58410908119177 1212.28684833327 1200
-0.14 0.00597191231141608 0.271799620897545 -0.797703207250297 1195.55439875128 1200
-0.141 0.447766215412995 0.147698874888599 -0.500955236504723 1217.47352350773 1200
-0.142 0.303559031654729 -0.122304082286657 -1.12763428583121 1189.96609135538 1200
-0.143 -0.219929261823323 -0.233708682453979 -1.23348619071381 1155.02741113174 1200
-0.144 0.0848221105188507 0.0444189464880615 -1.74327999232571 1160.73004176025 1200
-0.145 -0.163807410970056 0.0456858327068702 -1.74115328810185 1247.2553913317 1200
-0.146 -0.170018234053094 -0.288412396155258 -1.35530955207554 1193.13476575732 1200
-0.147 0.0558743057944457 -0.0673867972471644 -1.55999135453681 1257.43912208511 1200
-0.148 0.227688394243016 -0.176125429977563 -0.969923846568663 1206.24794888367 1200
-0.149 0.07712703984571 -0.0800988320452004 -0.761153246034494 1235.51671308101 1200
-0.15 0.0631303664637951 0.278620301782546 -1.33370058646305 1225.71212286042 1200
-0.151 0.505301048598539 -0.372217440778038 -1.12722398956794 1221.39978968383 1200
-0.152 -0.213926948754718 0.309845071463741 -0.849823249422135 1173.33536999537 1200
-0.153 -0.0693323483768993 0.0226435903344305 -1.51857274173013 1211.76636872949 1200
-0.154 -0.0194302996986984 -0.340414927265607 -1.3192935408219 1176.56993149321 1200
-0.155 -0.438334906012814 0.0560200735172764 -1.31293375862627 1204.58346247926 1200
-0.156 0.102711741109535 0.28825779703604 -1.43880515141049 1197.547780294 1200
-0.157 -0.260531497957592 -0.144317992174731 -0.604359178366836 1216.06029978307 1200
-0.158 -0.120738517466597 -0.13649199204004 -1.50769717207413 1207.31972893782 1200
-0.159 -0.199157298266988 0.102725122810241 -1.52330704951818 1204.04774470756 1200
-0.16 0.181414273639427 -0.403953873976595 -1.27433325620694 1148.31652213385 1200
-0.161 -0.31895574463647 0.192442825943536 -1.01339333796144 1162.98791706209 1200
-0.162 -0.272399680372915 0.164093820026546 -0.880628344855889 1169.95517838619 1200
-0.163 0.179717777370754 -0.418995779164917 -1.37978468471318 1163.61361103757 1200
-0.164 -0.576817670539593 0.0582317811758664 -0.928630769229061 1242.44682462736 1200
-0.165 0.196045382043173 0.111795921981734 -0.989376434799062 1197.96860895948 1200
-0.166 0.265215874070247 0.0330111703952406 -1.02067156419052 1222.74289456365 1200
-0.167 -0.24722744965489 0.160944864352391 -0.831173043295829 1178.26782638753 1200
-0.168 -0.0952080101497287 -0.227683884625525 -1.2499780587631 1224.18055440827 1200
-0.169 0.103392146711776 -0.0930200906815695 -1.25985993981575 1148.41340370626 1200
-0.17 -0.311885877828648 0.175904916792509 -1.33078371903334 1229.70538846047 1200
-0.171 0.185179924403838 -0.234616515185942 -1.22592859909176 1220.38701750657 1200
-0.172 -0.123522756009563 -0.0994989256882314 -1.094115878995 1252.99935328723 1200
-0.173 -0.00775758363569974 0.133360251106028 -0.84443835791978 1199.10199583607 1200
-0.174 0.0437869870739474 0.00837799800564766 -1.06651931348278 1232.54464497981 1200
-0.175 -0.127924136869432 0.018911228495231 -1.14992926299085 1167.25965678919 1200
-0.176 0.00942456059527936 0.155705139027827 -0.878248941400826 1215.37680786212 1200
-0.177 0.132388967671245 -0.129860156078163 -1.14315470366785 1163.52726164747 1200
-0.178 -0.275592672080967 0.293036373900428 -1.1885821942778 1168.06097188228 1200
-0.179 0.307668601438822 -0.32767573536625 -1.15412404343638 1213.53519390759 1200
-0.18 0.0349724644124768 0.0383876142232436 -0.732196125846049 1186.37914418295 1200
-0.181 -0.0926632912139257 0.160303612716516 -0.861579956084448 1194.23709163448 1200
-0.182 0.0496895169503846 -0.0823906811571392 -1.02533180989951 1181.17105944298 1200
-0.183 -0.0981463565537938 -0.148725336141419 -0.764446294958611 1187.15230956283 1200
-0.184 0.0324008427919126 0.302413082044746 -1.0168658734981 1189.01945200697 1200
-0.185 0.467571571898424 -0.186938751382661 -1.08275742596062 1251.54179502312 1200
-0.186 -0.452820056387227 -0.0149634720879216 -0.980250086801307 1210.29361649791 1200
-0.187 0.363012391835038 0.152792474581763 -0.92166324093423 1223.10117007747 1200
-0.188 0.214508112280508 0.05998676878658 -0.666071298744798 1241.01177058111 1200
-0.189 0.0736853018284605 -0.289177312900062 -0.749255005044078 1239.81844353686 1200
-0.19 -0.172218850094773 0.0956592699214686 -1.01437784486041 1249.97518998702 1200
-0.191 0.0754666534069995 0.0834585780120779 -0.964284255064709 1170.81879942971 1200
-0.192 -0.354232200443744 0.169120359732362 -0.913320754320154 1174.44274720936 1200
-0.193 0.0587212597766335 -0.0950192753019831 -1.24337271581368 1132.36261870469 1200
-0.194 -0.0120266336317627 0.093628524021298 -0.388531686986513 1206.44562985079 1200
-0.195 -0.00106067571663645 0.271497358514347 -0.558150541269324 1249.57906298932 1200
-0.196 0.441167694286837 0.266577413341173 -0.894608144547575 1181.98252945105 1200
-0.197 -0.227838091537401 -0.410252656009198 -0.64955177805177 1167.73554420245 1200
-0.198 -0.0965819907488945 0.0624514252903341 -1.28496987321335 1197.51762860294 1200
-0.199 -0.0810169605862131 -0.000304583046223711 -1.2436502949514 1194.31292968676 1200
-0.2 0.127447947008327 0.011276373392294 -0.417625657384727 1179.92918970821 1200
-0.201 0.23276653706044 -0.219188151162179 -0.856187165705945 1167.68483212214 1200
-0.202 -0.435391216071833 -0.099955724721633 -0.875717801222067 1217.08727443154 1200
-0.203 0.141758741045819 0.14626658328511 -0.97401542763869 1239.10871375909 1200
-0.204 -0.0065035423867527 0.106923087592661 -0.539296752904008 1180.10227270964 1200
-0.205 -0.194836623721188 0.0624775211792726 -0.94674803318751 1176.3749837038 1200
-0.206 0.00232595402194395 -0.27316045924208 -1.20448528820716 1166.95645377752 1200
-0.207 -0.170996763356003 0.0454898439581693 -0.750865884000776 1155.01985976892 1200
-0.208 -0.0330577646296927 0.310055066733676 -0.943535167058909 1197.38418654268 1200
-0.209 0.186389314643412 -0.0625792573851171 -0.839785264379959 1187.53436811934 1200
-0.21 -0.0444498437134146 -0.284949616906993 -0.589300798641318 1237.84593543829 1200
-0.211 0.0625588716650846 0.125806759351788 -1.10279294102745 1177.15656164431 1200
-0.212 0.0303597639466742 0.011387412350651 -0.679913673196705 1165.22391354432 1200
-0.213 -0.0189908973048152 -0.187096868176355 -0.77362235476192 1231.55205999731 1200
-0.214 0.117529294142837 0.2034091054952 -0.619529771534935 1167.49374004639 1200
-0.215 -0.0747841934293986 0.188070866643813 -1.15101003847158 1192.61307977841 1200
-0.216 -0.154967283172817 -0.14733882003275 -1.0229668284062 1229.32843298281 1200
-0.217 0.322435923807158 -0.0926848627419588 -0.354075466382611 1150.20040139499 1200
-0.218 0.11896154648607 0.350163978500866 -0.847025518849047 1194.30217143843 1200
-0.219 0.0138195219137565 0.0304168369075726 -0.818796409871427 1218.83397408648 1200
-0.22 0.160261264537523 -0.125007976801397 -0.686825845510062 1185.04928097958 1200
-0.221 0.163839547571184 -0.0754829313233315 -0.955170704555889 1217.03713385533 1200
-0.222 -0.173382299211813 0.311906809070766 -0.995080821172417 1193.19735172807 1200
-0.223 -0.164419663095337 0.112100452876515 -0.650640064344054 1142.60334072052 1200
-0.224 0.310599843701598 -0.0585749623194244 -0.475966694149309 1164.19122869415 1200
-0.225 0.308287517135834 -0.00731551124399844 -0.522902657413711 1256.90544630863 1200
-0.226 -0.28954124424288 0.0791256296394422 -0.879460561402567 1185.07754110763 1200
-0.227 0.264631301812153 -0.0536841183859827 -1.02434492731417 1159.12775771639 1200
-0.228 -0.0269353585886758 -0.0147994647637478 -0.702990149160802 1216.6590894556 1200
-0.229 -0.229172890774678 -0.0461726525236779 -0.743806211770869 1224.16678848127 1200
-0.23 -0.14927550462035 -0.263168851495228 -0.804644034413837 1244.66098228936 1200
-0.231 -0.194216145939969 0.0340709492119288 -0.75205632859684 1194.68241608743 1200
-0.232 -0.0448511899840462 0.143029091664763 -0.328694775103188 1171.45957756443 1200
-0.233 -0.28653989697831 0.275487415254175 -1.13541958277997 1217.23793181258 1200
-0.234 -0.0377943749057653 -0.339887763108758 -0.65127764264625 1168.77600947441 1200
-0.235 0.11263441163696 -0.0971759042902265 -0.337263134964476 1223.62662613688 1200
-0.236 -0.157043298746931 0.442523970106209 -0.66316361514176 1230.58739618912 1200
-0.237 0.0281434883098181 0.0479507256417893 -0.760385793893222 1172.18462436072 1200
-0.238 -0.00231187160709347 -0.105441429486831 -0.75056636203904 1170.11601619467 1200
-0.239 0.0869314233873779 -0.203226765568635 -0.544406277345421 1189.74862245435 1200
-0.24 -0.0273436545791373 0.194283910691743 -0.913913696713332 1203.36422670912 1200
-0.241 0.18645729832551 -0.202700313809099 -0.752918951880723 1178.04154688389 1200
-0.242 -0.318087736396572 0.224201011845376 -1.09414325705043 1172.53049450063 1200
-0.243 -0.180428943768544 -0.167012055338036 -0.812663771037375 1168.56610691813 1200
-0.244 -0.12549379770318 0.156616869791583 -0.543191810951609 1212.7483773765 1200
-0.245 -0.0305253360795007 0.109571467908823 -0.758770715927325 1205.01173774672 1200
-0.246 -0.0868575774646322 0.0190636279957043 -0.816873929704964 1202.78217748497 1200
-0.247 -0.152649310294642 0.0935870287400582 -0.943815372219178 1157.65601978856 1200
-0.248 0.135062199114539 -0.105574007739461 -0.591448656952833 1155.32600294629 1200
-0.249 -0.0521775607492894 0.411732161334789 -0.497197284143011 1196.38616249403 1200
-0.25 0.0793590482493728 0.000375666047151573 -0.882779029670409 1220.60109487301 1200
-0.251 -0.0307209998321121 -0.176837013862627 -0.395496722601576 1159.70347090645 1200
-0.252 -0.17719389455857 -0.0955644084755797 -0.913515507681032 1152.27294028326 1200
-0.253 0.179699662279557 0.155767639445526 -0.878655323129945 1210.20283333786 1200
-0.254 0.160237263203797 0.179069462489404 -0.741657225105137 1179.00387756228 1200
-0.255 -0.0231026505863738 -0.0382235691403028 -0.647805124051681 1174.85242062488 1200
-0.256 0.130758268032009 -0.015664801546822 -0.182216318274435 1212.3102760165 1200
-0.257 -0.0280175612618767 0.287056557650614 -0.678153960146929 1165.38946452892 1200
-0.258 -0.0128145949372908 0.0573694277949344 -0.823303490156074 1160.23804407486 1200
-0.259 -0.185421114702023 0.0538505513860387 -0.553260563845842 1201.73201030079 1200
-0.26 0.20510612356841 -0.117893061554594 -0.484678048268625 1135.12796806602 1200
-0.261 -0.117163229067087 0.176821658790994 -1.21306753670045 1193.11907895766 1200
-0.262 -0.125053835302638 -0.213774910240583 -0.554256798717347 1186.32203844074 1200
-0.263 0.213841383037921 0.215619595921524 -0.583346206001255 1259.92999523568 1200
-0.264 0.528764137601521 0.386104010229001 -0.637537039262066 1150.1523376658 1200
-0.265 -0.226703409458025 -0.0948209143117749 -0.523142507911237 1195.65182894166 1200
-0.266 -0.0505361900691089 -0.124719530479523 -0.70995700069876 1187.45961633494 1200
-0.267 0.225511361551541 -0.304521523314472 -0.748398248119225 1224.60866228177 1200
-0.268 -0.106387447821664 0.205804580010592 -0.424764782202475 1250.0716972402 1200
-0.269 0.232890908256972 0.191278338354787 -0.677503770225727 1215.40290336686 1200
-0.27 0.031300997204064 -0.163455181490797 -0.501228869514889 1218.98367169522 1200
-0.271 -0.21280914913298 -0.360738577321617 -0.596575345751861 1165.92669194406 1200
-0.272 0.142674267524175 0.131430797480276 -0.340806762144417 1223.86669083484 1200
-0.273 0.201033090066496 0.115672596050544 -0.732162411004994 1203.63517195605 1200
-0.274 -0.256690871967585 -0.317176591001759 -0.80233824364683 1178.34480876031 1200
-0.275 0.117632185701829 -0.065839459008281 -0.719119800921735 1147.10214045363 1200
-0.276 0.220413071376195 0.276258404918287 -0.395933607065905 1196.11883306237 1200
-0.277 0.115139169297197 0.206087806601576 -0.478014073028355 1223.54201788972 1200
-0.278 -0.0844623212626912 0.0136541206788765 -0.455341781187088 1160.93943740707 1200
-0.279 0.134157025018416 -0.380126303761205 -0.446725538441029 1222.21484351042 1200
-0.28 0.0252428827422583 0.0801344603955092 -0.850712662512974 1177.4188756217 1200
-0.281 -0.376509012294199 0.168643142227034 -0.5727087319194 1190.46951571953 1200
-0.282 0.224053620676136 -0.191056182564389 -0.745924859921778 1204.94830909084 1200
-0.283 0.0112366974895651 -0.114998762279787 -0.52185818752478 1195.01176512532 1200
-0.284 -0.124371778147548 -0.222471888956837 -0.801728161101633 1191.46745023138 1200
-0.285 -0.148399151632325 0.269030786281229 -0.513621664173449 1259.97885112705 1200
-0.286 0.218581627165239 0.0410322834377928 -0.442814814856564 1146.25043646912 1200
-0.287 -0.016242443966731 -0.206299087035312 -0.604709198742705 1157.2018623229 1200
-0.288 -0.338716745610381 0.0402121057988805 -0.794731314286614 1253.95966123627 1200
-0.289 0.0859075210493131 0.0759090136507681 -0.991894795595593 1191.04445295664 1200
-0.29 -0.1237782776315 -0.0489582272985253 -0.39037474001199 1215.92843460014 1200
-0.291 0.085513712224561 -0.0807761604618576 -0.517520802776264 1232.13186142185 1200
-0.292 0.239443673219462 0.00845249524957012 -0.612881976315103 1222.32989529865 1200
-0.293 0.282778795381305 0.10761695631464 -0.357355594401395 1214.54408725949 1200
-0.294 0.0330760324305551 -0.122881448614361 -0.629923839302695 1170.23428139405 1200
-0.295 -0.171402917521671 -0.0409413262173628 -0.768203885491418 1173.19809133534 1200
-0.296 -0.227927123984279 -0.113746435753405 -0.68831837229749 1255.3245324802 1200
-0.297 -0.301875899776431 0.252572672003709 -0.81500737137215 1211.36273338156 1200
-0.298 0.303399528709185 0.294043378017742 -0.456619188597531 1199.93264686132 1200
-0.299 -0.191713482012933 0.167856056734775 -0.413433201124171 1221.10430085144 1200
-0.3 0.103848082536742 0.128864522164729 -0.847029924497429 1225.78826550313 1200
-0.301 0.00330964370164775 0.169728765816012 -0.410519911641183 1172.40798817258 1200
-0.302 0.0391436590873999 -0.0706673037007519 -0.523786870864103 1174.79467476414 1200
-0.303 0.238198664941931 -0.0900541115278964 -0.44276515322823 1169.4391938581 1200
-0.304 -0.0635629705981114 0.296488200773346 -0.93169257220896 1202.48270632668 1200
-0.305 -0.0746879813601095 -0.0720802329820588 -0.572544060165832 1187.55715120576 1200
-0.306 0.27677500882392 0.0273729505495659 -0.680192193479334 1178.41494973779 1200
-0.307 -0.0949761681676471 0.4157398989541 -0.414372751360783 1211.39314206235 1200
-0.308 -0.151025287872393 -0.143886132988626 -0.41916706898344 1206.15001540807 1200
-0.309 0.0666198635447827 -0.234503235449085 -0.768601483985233 1195.44245044945 1200
-0.31 -0.114845832064994 0.0488003098273234 -0.324733894953589 1216.20652173625 1200
-0.311 0.0168858946331778 0.280620603964274 -0.853357690167313 1242.10357873645 1200
-0.312 0.0341156993217756 -0.310339713197537 -0.707778494969893 1171.08211910434 1200
-0.313 0.0164481845946373 -0.00977729788701778 -0.201094251852417 1172.26089034985 1200
-0.314 0.286854499921807 0.233006599482882 -0.343368131175246 1216.80256264866 1200
-0.315 0.118477705732604 -0.18154339832814 -0.465178006206207 1227.74895991447 1200
-0.316 -0.000145247760246494 -0.216106291488807 -0.798505410689854 1168.93049940455 1200
-0.317 -0.0350639071925506 0.114825817019245 -0.463518882732325 1202.21252912637 1200
-0.318 -0.191766555463365 0.179448239410983 -0.514425259000365 1204.63941076949 1200
-0.319 0.0133947104382426 0.0414823536286932 -0.872407891076452 1163.19329065317 1200
-0.32 -0.521354119038845 -0.22610722435215 0.092619610481272 1217.70152509016 1200
-0.321 0.27577570492561 0.042531130977687 -0.373717417865195 1217.13728429299 1200
-0.322 0.372509320048379 0.215727584887734 -0.489501280354903 1191.10194916935 1200
-0.323 0.0318833288710366 -0.201191721715358 -0.318267269885712 1186.26546948397 1200
-0.324 -0.081622264425025 -0.27462482781277 -0.996211293931323 1225.74896729493 1200
-0.325 -0.350780198320691 -0.127768666071844 -0.464513595535453 1245.72215710637 1200
-0.326 -0.0388914174966963 0.268676733401795 -0.285913869572559 1216.07838547417 1200
-0.327 0.158895365644868 0.0919154387039594 -0.730248144146938 1190.9689909088 1200
-0.328 -0.242213627431233 -0.0378982800705084 -0.61001437562468 1233.37070971445 1200
-0.329 -0.0468327383947368 -0.00712295668415068 -0.395117867068965 1210.78593674679 1200
-0.33 0.0566380066541949 0.0428256261249223 -0.401158658512168 1185.62462850748 1200
-0.331 0.270711259897191 -0.138496193150435 -0.720514044025114 1185.08156949577 1200
-0.332 -0.302500591996938 -0.15964291977975 -0.67394115198215 1246.77426845449 1200
-0.333 0.283142804229813 0.276696771118923 -0.588060770877774 1223.22834000075 1200
-0.334 -0.322481768115548 -0.0742333234837958 -0.629908084295723 1219.17447895879 1200
-0.335 -0.187998105727666 -0.261589345618621 -0.637919597811168 1245.03890607523 1200
-0.336 -0.164537662585121 -0.0521329046089084 -0.663001990376822 1205.67907840547 1200
-0.337 -0.23936844722463 0.160206575444315 -0.18080932959574 1244.86817278528 1200
-0.338 0.237437211522545 0.264193645549672 -0.722442717430754 1174.39357298855 1200
-0.339 -0.468801325574122 -0.100394912022815 -0.502656918443515 1190.36189761641 1200
-0.34 0.359964077157491 -0.196602070281286 -0.609607253563503 1185.47621285209 1200
-0.341 -0.409204215969062 -0.011083439524662 -0.616206291956738 1209.27349459942 1200
-0.342 -0.0871242616144936 0.255605810455061 -0.88464152625731 1223.45936215495 1200
-0.343 -0.173475761808553 -0.104419910804736 0.0632786373233001 1173.32959982719 1200
-0.344 -0.0397661541004759 0.102527954738212 -0.921086285081319 1188.95894803616 1200
-0.345 -0.121473716491859 -0.317176393160078 -0.476492685897848 1197.22706369965 1200
-0.346 0.411114920330543 0.142434592590042 -0.405998827103729 1226.15221072875 1200
-0.347 -0.211609503822121 0.135098580410282 -0.605692539780462 1189.85834616995 1200
-0.348 -0.407359636290209 0.0303955595780186 -0.633637728856683 1194.01507763306 1200
-0.349 0.0180481653243665 -0.0993420713930351 -0.690607967981059 1176.72122909644 1200
-0.35 0.322012489434324 0.407836030430425 -0.263381053694809 1201.56734430058 1200
-0.351 -0.0846045180066742 0.345569112987463 -0.487874915188514 1217.50222659415 1200
-0.352 0.0604376506361728 -0.396017125506111 -0.849103347911818 1165.50350041916 1200
-0.353 -0.250064576359602 -0.240932739233186 -0.725095379815027 1176.78026028395 1200
-0.354 0.434304166126046 -0.053307845808254 -0.627453616674377 1228.64379548788 1200
-0.355 0.129700408515915 0.238927704946954 -0.534376090565474 1197.96371218365 1200
-0.356 -0.586277583615315 -0.280911765685016 -0.741469709589457 1246.80516699939 1200
-0.357 0.252136715400138 -0.244736487773178 -0.805577160489109 1203.38970115249 1200
-0.358 -0.0647882040427009 0.119565030664842 -0.702837152452924 1243.63432057628 1200
-0.359 -0.243345073908108 0.230932666960993 -0.508404105322334 1209.83640708526 1200
-0.36 0.0856719843767979 0.133695417645993 -0.676049857544668 1262.72697505314 1200
-0.361 0.155563377974015 -0.0257445471509898 -0.463381101718753 1192.35015871566 1200
-0.362 0.108662358704553 -0.131626251570847 -0.657809860106543 1144.35145481004 1200
-0.363 -0.191010263287362 0.111982669809641 -0.619883457500732 1272.08045276786 1200
-0.364 0.303466298221253 0.145481495127677 -0.530181905329578 1191.78901557746 1200
-0.365 -0.0764218800792698 0.0670340335097644 -0.239739220534664 1204.33767643722 1200
-0.366 -0.0340857837358624 -0.174176308270387 -0.71472800748104 1232.03350583752 1200
-0.367 -0.0854534049262647 0.138778640904648 -0.598180058980665 1186.10706277868 1200
-0.368 0.263723161433322 0.0693760762530401 -0.491513238787409 1218.37104549563 1200
-0.369 -0.0681513823726149 0.122152711964052 -0.793581743604444 1163.35713151068 1200
-0.37 -0.140807579539005 0.0500421998711104 -0.401462689271995 1217.63425559903 1200
-0.371 0.127823816537838 -0.163996421768085 -0.426873585137848 1166.51835683235 1200
-0.372 0.0441465421762285 0.117308226686322 -0.266018999087567 1206.91839715801 1200
-0.373 0.241759293710068 0.278331492363083 -0.473846260928245 1214.78826209187 1200
-0.374 0.0359935063093502 -0.151723317921756 -0.596758656312877 1153.75363221141 1200
-0.375 -0.136235498689448 -0.261238225538182 -0.737932301369349 1220.47768621538 1200
-0.376 0.150055974494286 0.181461296298819 -0.816988930861467 1197.34938698965 1200
-0.377 0.211634439448094 0.0213738127632787 -0.419148882391511 1224.05157206653 1200
-0.378 -0.178042218462867 -0.00490418898201967 -0.358851209064494 1208.91986959876 1200
-0.379 0.105141811258205 -0.14932071915957 -0.686094711027961 1198.7233455664 1200
-0.38 0.0422665309133367 -0.00488962790547307 -0.224414614788192 1195.2886336254 1200
-0.381 0.116992521364766 0.185322528159039 -0.602305520068351 1157.77546289578 1200
-0.382 -0.279957311133019 -0.154766517115806 -0.525936035628971 1182.45493230582 1200
-0.383 -0.255166672730481 -0.0061648370160045 -0.532650138312652 1190.96754847914 1200
-0.384 0.463163532416694 0.24162111828874 -0.867208239201835 1191.64574969566 1200
-0.385 0.0206770719580174 -0.0500350850839153 -0.116360312613526 1165.64863476682 1200
-0.386 0.0974157969625734 -0.022779761117905 -0.936445492009341 1198.16523553497 1200
-0.387 0.118888956476715 0.138951484342264 -0.485586226206422 1235.6702400783 1200
-0.388 -0.302415275637579 -0.0271053607962113 -0.310371943267095 1209.10715220941 1200
-0.389 0.261899932274927 -0.117753653876812 -0.869861851803008 1188.98686704009 1200
-0.39 -0.18013244323428 0.198982814791857 -0.411991342577306 1228.51230310774 1200
-0.391 0.0307832061619845 -0.231085046021095 -0.618911201930487 1219.00746464763 1200
-0.392 0.0245813738148628 -0.221756336718469 -0.523385662288174 1180.75672397669 1200
-0.393 -0.0322136103933915 0.271845496066762 -0.703215006034894 1229.26481799892 1200
-0.394 0.104578871589366 0.0346105066035706 -0.520822666361854 1202.95651673797 1200
-0.395 -0.166690347754213 0.170733469570631 -0.175240171336047 1188.5849820745 1200
-0.396 -0.107352206748167 -0.253137273790047 -0.637349294583579 1202.59954937752 1200
-0.397 0.26516673367317 0.159730956479556 -0.451592842437487 1156.32936406834 1200
-0.398 -0.0945137542226462 0.380733751470521 -0.333907422466876 1209.10816705708 1200
-0.399 0.0675464074072959 0.0904418572477457 -0.362490605879058 1180.35860284754 1200
-0.4 0.13070793800593 -0.187800489316167 -0.674127619158801 1182.54785420664 1200
-0.401 -0.0609606960603288 0.381901275264425 -0.300193079696715 1206.54117191877 1200
-0.402 0.175335013672497 -0.153131241710314 -0.691841888180902 1178.97747767268 1200
-0.403 -0.0815117157417189 -0.12598169264734 -0.496652634235322 1216.79960806347 1200
-0.404 -0.218090173441445 0.0602544244512991 -0.503613548598633 1218.22933758679 1200
-0.405 -0.0692237714598168 0.164400619053532 -0.552174440529896 1140.28111311016 1200
-0.406 -0.28537064404611 -0.207534663067414 -0.52744155825902 1170.03697254795 1200
-0.407 -0.0869402653438185 0.133050674885543 -0.629795956615102 1209.50787701687 1200
-0.408 -0.158338967052261 0.0062621170912816 -0.309599468638035 1197.60669981404 1200
-0.409 -0.151999154102749 0.11204962033189 -0.564985188954338 1258.7673525348 1200
-0.41 0.305204005048861 0.206072474595496 -0.441913875824487 1163.34472508185 1200
-0.411 0.0934853898843908 -0.16593741640149 -0.444832128566733 1168.63222195464 1200
-0.412 -0.199034998268595 -0.179060988623274 -0.567852415451706 1234.95474334036 1200
-0.413 -0.197731154321381 0.169442689012948 -0.417358828565969 1242.72748992521 1200
-0.414 0.353982257718185 0.0336643297491307 -0.476267097886424 1244.42330576325 1200
-0.415 -0.0692930130408265 -0.1434022819391 -0.734867813786714 1241.30355810673 1200
-0.416 -0.0807406959734695 0.0281521588173922 -0.510123782309569 1212.35895400854 1200
-0.417 0.00020013449603769 -0.00323938328304367 -0.275047253116941 1187.8876958708 1200
-0.418 -0.00373722247329368 -0.0526794731504793 -0.456319478393895 1161.08829906327 1200
-0.419 0.0139602307362772 -0.182889791348549 -0.659148386929023 1166.91496623189 1200
-0.42 -0.216792003286658 0.349074030368793 -0.465378215183395 1169.52601121705 1200
-0.421 -0.0775882567210751 -0.252697071897413 -0.463660701621899 1237.73138399585 1200
-0.422 0.159981257963017 -0.389626365823505 -0.686981206721099 1165.15151908163 1200
-0.423 -0.360054398224332 0.0207403577948945 -0.483027703057384 1200.44884675805 1200
-0.424 0.237331030815196 0.208601322749781 -0.46240880097022 1195.00166228747 1200
-0.425 -0.310315079673573 0.0440535243007463 -0.596403007736724 1149.27113999104 1200
-0.426 -0.565412918294024 -0.151091943680797 -0.660864535438641 1216.65885927432 1200
-0.427 -0.0654383506862106 -0.264017500634866 -0.54701810008061 1248.52614107196 1200
-0.428 0.0480566276035604 0.226070066484869 -0.534131261664495 1242.58484573916 1200
-0.429 0.0107997961571942 -0.336655450714689 -0.281407835758606 1184.92123690513 1200
-0.43 -0.120325371452294 -0.015745117658608 -0.91770012851986 1224.50191759947 1200
-0.431 0.550003389326125 0.283233377914777 -0.19393300197028 1198.25755937961 1200
-0.432 0.0353279000289654 0.201152317947073 -0.181244705875473 1229.21377651191 1200
-0.433 0.0409030332066828 -0.043087068417381 -0.68410857953366 1164.29083775849 1200
-0.434 -0.348736207646135 0.404873608749323 -0.655539871673276 1174.47146789858 1200
-0.435 0.210667536545786 0.0246469780714078 -0.348321701544703 1234.79673430762 1200
-0.436 0.144961596560891 -0.320072471497637 -0.887302533223214 1194.3787735074 1200
-0.437 0.0437836055703718 0.151414305675246 -0.731484941434578 1171.41884629375 1200
-0.438 0.0973060058780236 0.127933754960825 -0.474675949620622 1213.87497525968 1200
-0.439 0.0379545805860959 -0.278596505736698 -0.571299101282263 1168.93759905729 1200
-0.44 -0.186144934532051 -0.0215944693892592 -0.539041529716074 1169.85444098676 1200
-0.441 0.135676951864393 0.330452851109684 -0.739740746153059 1230.66410704047 1200
-0.442 -0.0242323076797707 0.225689710976144 -0.505557388422655 1225.05659600399 1200
-0.443 -0.253581133473625 -0.142119613190579 -0.348292496222899 1200.94665834344 1200
-0.444 -0.0989642525067043 -0.0355441812721296 -0.808712373731253 1204.78810165395 1200
-0.445 -0.363747888501617 0.113494232619186 -0.517987972091074 1202.57544230206 1200
-0.446 0.431712646746895 -0.112176040562598 -0.640902331089011 1231.89028760524 1200
-0.447 0.253641524457386 0.125164111371905 -0.501903669288968 1187.08237590565 1200
-0.448 -0.168104906085064 -0.192462214837697 -0.576007998282189 1222.38858791991 1200
-0.449 -0.104326147993833 -0.401662329682728 -0.628853782227606 1149.13165595012 1200
-0.45 0.134294099834937 0.364592513484451 -0.582953766136299 1145.79278998604 1200
-0.451 -0.149540734981542 0.125255487811399 -0.535876077108564 1196.60788754522 1200
-0.452 -0.364910721191879 -0.135202858948128 -0.684771819899535 1203.0612391942 1200
-0.453 0.117199375105471 0.0872400304206898 -0.341711356715518 1215.57535305434 1200
-0.454 0.040311288381677 0.272191845379126 -0.339731812541791 1249.50834447397 1200
-0.455 0.214710539257459 -0.0049062980760709 -0.358127955137451 1197.30647087061 1200
-0.456 -0.046965749599397 0.172301649974165 -0.387501276970574 1165.99093405123 1200
-0.457 -0.0711484149850775 0.34076478825869 -0.573325737033834 1155.23790148883 1200
-0.458 0.0601440561109418 -0.029202945204816 -0.595693890806324 1229.51278233484 1200
-0.459 -0.239439137731413 -0.0206964570846572 -0.714808316973544 1257.4716056108 1200
-0.46 0.0183240394236611 0.162835416372903 -0.475284236387131 1177.48847749773 1200
-0.461 0.132148928530359 0.302624069799215 -0.378646423143343 1185.73360579088 1200
-0.462 0.378314984189678 -0.294639756770467 -0.723638435243762 1171.69168635537 1200
-0.463 -0.0857142401043096 -0.0298574189752453 -0.515940152414732 1216.15621117199 1200
-0.464 0.264375032596194 0.241245762364434 -0.312267608494248 1211.89537185533 1200
-0.465 0.227287221446617 -0.0368610633924296 -0.368721737669135 1204.67496363662 1200
-0.466 -0.00905306142741724 -0.137846499664408 -0.500281775170735 1183.7901876329 1200
-0.467 -0.0607611954576176 -0.259629855847861 -0.684627563882999 1178.70243587887 1200
-0.468 -0.274662833072584 0.17051567241113 -0.783000113040945 1185.4894777445 1200
-0.469 -0.0564373052617604 0.122478619544528 -0.360707834132734 1219.11999640605 1200
-0.47 0.162248037611352 -0.425569068459086 -0.562812325330291 1190.20981311612 1200
-0.471 -0.100099648687007 -0.18877280981659 -0.551943128968736 1204.95644555744 1200
-0.472 5.49319855322149e-06 -0.0613591523565901 -0.193744071416242 1205.96521308516 1200
-0.473 -0.14313399594858 0.141785369273715 -0.664643568703641 1248.31366163988 1200
-0.474 0.0329126935480738 -0.247224157824799 -0.826218342421072 1172.24967849129 1200
-0.475 0.207797435255537 0.0106425013049692 -0.185295022995815 1201.43352408342 1200
-0.476 0.148230664652626 0.545553806188221 -0.653179116721383 1190.69059264754 1200
-0.477 -0.0518236075275459 -0.297759681584273 -0.397112540829816 1209.90066799876 1200
-0.478 -0.130837195969271 -0.0459124680361606 -0.856038370114428 1199.42634450639 1200
-0.479 0.0326214149676034 0.362052659601387 -0.502056005265938 1222.56872595476 1200
-0.48 0.0481351422979204 0.0881252381814487 -0.448307238679767 1206.48782420656 1200
-0.481 0.180643242949437 -0.241719803342465 -0.672891942520243 1205.54229243313 1200
-0.482 -0.138108322451546 -0.123687860381726 -0.736258992275838 1184.70408971174 1200
-0.483 0.139320962295625 -0.384824379502746 -0.544198104231659 1213.02692124883 1200
-0.484 -0.231301932496427 0.202753930918545 -0.51758345730214 1165.87909077967 1200
-0.485 0.295943500905787 -0.0871377571189305 -1.04336231690367 1171.69929828826 1200
-0.486 0.101598623195023 -0.113715045130631 -0.457166653658502 1217.88341502928 1200
-0.487 0.144023229929779 0.279312583281371 -0.637931966115225 1169.47474177745 1200
-0.488 -0.0284157403443299 0.145910837606104 -0.197314673770835 1157.55233575463 1200
-0.489 -0.0221270403979827 -0.193201954619034 -0.504169859994515 1211.15798263549 1200
-0.49 -0.0698932436852174 0.252240192897808 -0.548784186866492 1202.51689560184 1200
-0.491 -0.170304514476452 0.026904259099455 -0.337235746110674 1203.81697513746 1200
-0.492 0.118073498049323 -0.0248796681048135 -0.262645477355238 1190.46889741342 1200
-0.493 -0.0286659564787556 -0.00110896078019441 -0.888806120420035 1216.833490857 1200
-0.494 0.170656785564354 -0.348115905000238 -0.70593368855708 1238.06265112487 1200
-0.495 0.345030732227993 -0.044174709848642 -0.423460474790446 1179.64095971511 1200
-0.496 0.0207175490383238 -0.258055697414495 -0.699650419242494 1152.81462581845 1200
-0.497 -0.118215801329689 -0.527875906460473 -0.393404517330557 1252.33172563818 1200
-0.498 -0.026940892340581 0.048463357874078 -0.929337058942035 1179.8736899426 1200
-0.499 -0.161445449908027 0.204484685272342 -0.554583000582609 1143.40550975237 1200
-0.5 -0.0326948608174327 -0.121005574795993 -0.205485148010125 1217.52719435188 1200
