# Fix print output for fix def1
-0.000999999999999843 -0.738023250993782 -0.897459251709142 -29.6076093136312 1496.69545818305 1500
-0.00200000000000004 13.2432680096217 14.0717738805475 -32.4791181596526 1491.54516290285 1500
-0.00299999999999988 -2.30011386673246 -2.75047478616702 -30.2792722199625 1488.2433216782 1500
-0.00400000000000007 -10.1186928899003 -10.471982501534 -31.3343490972707 1443.60511020705 1500
-0.00499999999999992 5.18371464180978 3.59515388705558 -33.2264761286411 1497.45584434426 1500
-0.00600000000000011 6.12508965355508 6.61472455634572 -35.6552132753572 1516.03660580404 1500
-0.00699999999999996 -3.62964847263171 -2.45548737853999 -36.6879762568118 1445.28139399947 1500
-0.00800000000000015 -4.14377633138582 -5.30408997787152 -35.02725913499 1547.92831586936 1500
-0.00899999999999999 1.22812901559728 2.78602414702417 -35.6611460022241 1520.49128609576 1500
-0.01 5.35844903398087 2.92816319251578 -35.752368565024 1445.43106370316 1500
-0.011 -2.29439332534898 -0.530230971166996 -40.8222601399101 1475.48210485745 1500
-0.0119999999999999 -3.24714619694187 -2.46895485092346 -39.5022913949703 1447.7892688166 1500
-0.0130000000000001 2.42285523697016 1.05901537762621 -45.699712808303 1458.23047706162 1500
-0.0139999999999999 0.597149792895035 2.70730939874718 -43.6446009190934 1490.22797318432 1500
-0.0150000000000001 -0.744751411760502 -2.71218903228767 -43.4000609749467 1511.07868978929 1500
-0.0159999999999999 -2.73170149896612 -1.91623180476692 -41.5983407556273 1572.25644011359 1500
-0.0170000000000001 1.37214138609533 1.53303931976639 -40.6480062178522 1468.58011866105 1500
-0.018 1.21778608278673 1.29297584036782 -38.2831426845741 1482.6152816161 1500
-0.019 -1.74345390567916 -0.522839343157565 -35.3104245332261 1517.85558977876 1500
-0.02 0.0998524076149683 -1.60954917054723 -33.6803311231095 1462.07778350816 1500
-0.0209999999999999 1.6591240031804 0.72818470171789 -23.1757545621359 1498.85407567463 1500
-0.0220000000000001 0.660550932472302 -0.166669921767072 -18.5568148951579 1453.45772608431 1500
-0.0229999999999999 -2.1912366777435 -0.27228962590297 -14.4080325347837 1487.74708101023 1500
-0.0240000000000001 -0.0616347476850871 -0.514396749641566 -11.9435749045803 1512.31966753977 1500
-0.0249999999999999 2.06296991056842 1.48646798292379 -12.8090718423535 1472.31416132772 1500
-0.0260000000000001 0.791281082762258 0.673391668846471 -12.8099971176366 1561.14714953321 1500
-0.027 -1.68639820678642 -1.17863750560284 -9.8924037084623 1500.98971369956 1500
-0.0280000000000002 -0.725771841054344 -0.163698694435557 -6.49008725560946 1499.56077966126 1500
-0.029 0.961626057046833 1.04965362122018 -4.11910634325134 1548.6539380792 1500
-0.0299999999999999 0.383278551300153 0.184305933171161 -4.17273155493171 1531.62921685296 1500
-0.0310000000000001 -0.563164086712623 -0.055647439707005 -3.87178330263264 1469.99028948351 1500
-0.0319999999999999 0.201215094707641 -1.02700171302353 -2.41277572575646 1459.5830561763 1500
-0.0330000000000001 -0.131075872354487 0.862883309826168 -2.32009120922083 1563.60497775672 1500
-0.0339999999999999 0.463403622890642 0.234898930873199 -3.60281953295475 1513.22627724481 1500
-0.0350000000000001 -0.170757643794896 -0.381781803309232 -4.1874575790239 1504.35778337077 1500
-0.036 -0.123971004260939 -0.00416191694914499 -3.98265176954309 1492.62879598554 1500
-0.0370000000000002 0.113995298149971 -0.597753432238911 -3.76783220862701 1446.45241732312 1500
-0.038 0.26477450057595 0.662614244711857 -4.721718255951 1493.83308363506 1500
-0.0389999999999998 -0.606368094336808 0.198928471145114 -5.17732812869607 1493.50049053878 1500
-0.04 -0.167159029477264 -0.936462727863569 -2.97540708319205 1460.96284829275 1500
-0.0409999999999999 0.593812329925235 0.435536015974057 -5.04812624662518 1533.78282405873 1500
-0.0420000000000001 0.196321598302494 0.274001844639173 -6.45289295276751 1511.7222007874 1500
-0.0429999999999999 -0.492267433283717 -0.751658495477309 -5.07516121489071 1494.89137314818 1500
-0.0440000000000001 0.0709658747339117 1.06437068885755 -5.20052052141777 1445.68063475473 1500
-0.045 0.98833630076339 0.305356222567676 -7.51296534861258 1459.77666426138 1500
-0.0460000000000002 -0.122679775635636 -0.351272372378615 -5.9065341827762 1448.0619381408 1500
-0.047 -0.162856092295199 -0.209837771848485 -5.80650505997446 1483.86618770071 1500
-0.0479999999999998 -0.536200794311156 -0.14509645897052 -3.94676101367162 1547.02081943991 1500
-0.049 0.280781189160601 0.290066314310912 -3.23700393451391 1510.19867098251 1500
-0.0499999999999999 -0.282198760747909 -0.0684888655325858 -2.27925495945685 1451.63879831936 1500
-0.0510000000000001 0.244198090423116 -0.628851712992626 -0.998080826811444 1524.06877550908 1500
-0.0519999999999999 -0.290946286534178 0.438316284116919 -1.12248184562569 1534.16220891495 1500
-0.0530000000000001 0.18370801024718 0.119569230413218 -1.0660538539674 1455.88740003046 1500
-0.054 0.642639116974377 0.139261049113885 -0.81511542325562 1535.1109287756 1500
-0.0550000000000001 -0.075651673875658 0.439545500811956 -1.66831418174145 1497.1357266723 1500
-0.056 -0.396241296606818 -0.427380850101269 -2.24697229191718 1521.74819771674 1500
-0.0570000000000002 0.403787260022156 -0.489637912656043 -4.30082960024821 1487.02051954165 1500
-0.058 -0.0568677744396123 0.507184976198401 -4.46612580514954 1500.88571772419 1500
-0.0589999999999999 0.132866945636002 -0.396525752757652 -4.23941491926636 1478.24526011818 1500
-0.0600000000000001 -0.372876560881856 -0.187576260080957 -4.98031055441841 1548.70495604857 1500
-0.0609999999999999 0.039280345220472 -0.306567892634214 -4.6607675096992 1514.53367853036 1500
-0.0620000000000001 0.124009184481299 0.214916811707073 -2.15330799518537 1459.23053575652 1500
-0.0629999999999999 0.373561842293468 0.189342793975117 -2.07005520917739 1534.82659874147 1500
-0.0640000000000001 -0.423693729406653 -0.144334540353048 -1.12362780536564 1503.65367308367 1500
-0.065 -0.283347700302965 0.0197100958574629 -1.21832782416656 1463.12488517093 1500
-0.0660000000000002 0.0671393133061212 0.427285347206489 -1.06334840088279 1450.89672090244 1500
-0.067 0.100745056274851 0.273243807991997 -1.05237549317399 1466.39567213588 1500
-0.0679999999999999 -0.198864528606977 -0.396512769510306 -1.39824231668394 1501.58627688373 1500
-0.0690000000000001 -0.163717432356189 -0.410676209580013 -1.52201172094808 1472.40816131443 1500
-0.0699999999999999 0.40096946075319 0.629815463300597 -2.87588170303739 1515.00834470102 1500
-0.0710000000000001 -0.131715471389976 0.427396789745115 -2.44655199650255 1473.53913837013 1500
-0.0719999999999999 -0.869378318783018 -0.550446137250186 -2.89614865070255 1484.18284267739 1500
-0.0730000000000001 0.242591833968299 -0.486117980122704 -3.06382755765732 1533.7577245503 1500
-0.074 0.0910967661973658 0.308495481060584 -3.23351995239997 1499.98477251701 1500
-0.0750000000000002 -0.120466048853632 0.297776001193732 -3.04055614781357 1491.84762380111 1500
-0.076 -0.18095760962009 -0.517878266359199 -2.40303897743355 1520.0402553666 1500
-0.0769999999999998 -0.225680473815157 0.105392746539381 -2.07332340189125 1541.67817629031 1500
-0.078 0.673730506387613 0.612577539078517 -2.44343220002181 1510.55624754952 1500
-0.0789999999999999 -0.432417256273883 0.203848930513639 -1.09207542149814 1543.71865930561 1500
-0.0800000000000001 -0.0416994506098498 -0.178420540369392 -0.830188314591501 1499.35234249782 1500
-0.0809999999999999 0.0349219621994289 0.398041229095305 -1.37910675276222 1544.13653942074 1500
-0.0820000000000001 0.192175270337797 0.0959045449457269 -1.27800087526559 1507.27069663008 1500
-0.083 0.436628489261202 0.0044344311114981 -1.23646012591809 1474.48232966798 1500
-0.0840000000000002 -0.332039985350831 0.000482955900944722 -1.05315828151222 1461.7481139145 1500
-0.085 0.235191266327122 -0.304506950374051 -2.4031462717404 1475.70946167036 1500
-0.0859999999999998 0.167634594909822 0.269461322619454 -3.14331974891281 1451.40634645507 1500
-0.087 -0.494917197732565 -0.327226449355266 -2.71550045851273 1478.40382894473 1500
-0.0879999999999999 0.00600749393187526 -0.27548196084766 -3.20293120257115 1514.4334894809 1500
-0.0890000000000001 0.0241574889116907 -0.345983807947491 -2.92930226519228 1538.05556049592 1500
-0.0899999999999999 -0.179236564970252 0.0155691174568686 -1.51508334261988 1514.3911448946 1500
-0.0910000000000001 0.309374747832296 0.178148315999485 -1.81765296026061 1538.09856544093 1500
-0.092 0.134105935708526 0.210629816778876 -0.603743445773678 1493.93962897843 1500
-0.0930000000000002 -0.128075503588366 0.250639619170596 -0.55984316379937 1557.4282533407 1500
-0.094 0.265568777087553 -0.375679822314224 -0.569250293396953 1462.40912605119 1500
-0.0949999999999998 0.00547885452967923 0.0269929591707109 -0.492107734485573 1521.31298443279 1500
-0.096 0.0314594998726883 0.228834123988247 -1.56014347152249 1461.40353923414 1500
-0.0969999999999999 -0.302496144852029 -0.508209170271295 -2.0870270789035 1530.54858943681 1500
-0.0980000000000001 0.173913869671907 -0.104823287900848 -2.72595773935158 1450.28697607435 1500
-0.0989999999999999 -0.140029593567063 0.304416046450164 -2.30593464988757 1515.24397526971 1500
-0.1 -0.217755495330133 -0.0477436824440876 -2.11691379152635 1504.66267621518 1500
-0.101 0.388411619620528 -0.522967247175291 -1.92207257167158 1448.36152592859 1500
-0.102 -0.125866727372687 -0.0202532991117905 -1.45829698644189 1526.52330071987 1500
-0.103 0.188292781420916 0.0922754080873802 -1.06763817846546 1500.70946731812 1500
-0.104 0.289064579352874 0.100903163414549 -1.25712846038955 1549.93869966932 1500
-0.105 -0.379615905235223 -0.0496143093760069 -1.25853184908757 1483.6795614981 1500
-0.106 0.0123247667219436 -0.174000007159781 -1.25454732822299 1470.21460011412 1500
-0.107 0.2253367273386 0.419127963127331 -1.50249041873564 1516.85393087259 1500
-0.108 0.104351591508435 -0.0324087655929571 -0.939963732261241 1560.57916169678 1500
-0.109 0.455146203752681 -0.0438769953373449 -1.58045748148394 1455.9547683179 1500
-0.11 0.0143586979395706 -0.300247793942324 -1.47664588026243 1453.64191563101 1500
-0.111 -0.227276676658099 -0.159536727341021 -1.75866614836239 1477.03335506611 1500
-0.112 0.346851960582297 -0.0542468339144241 -2.19769230551935 1505.25112131765 1500
-0.113 -0.240512701687481 -0.183768728126623 -2.30702950284774 1482.10991453343 1500
-0.114 -0.318942716960791 0.290662284154875 -1.99181466309434 1542.22534098214 1500
-0.115 0.341568568784063 -0.191501264526661 -0.839323298235078 1535.65889543438 1500
-0.116 -0.361267809065728 0.289948618051798 -1.1924324441726 1538.42765250769 1500
-0.117 -0.183507911407507 -0.106260720236672 -1.13790497423985 1458.42511479667 1500
-0.118 0.186543254833609 0.194144387841857 -0.891541173759668 1533.27033202222 1500
-0.119 0.649866818496518 0.468674023749584 -0.894127747328004 1508.18997330624 1500
-0.12 -0.0919762136843913 -0.179968603733296 -0.586175184985861 1567.99069027069 1500
-0.121 -0.14527052801834 -0.289632306356169 -1.85665810192863 1518.67266663624 1500
-0.122 -0.0272985804464839 -0.11848487833699 -1.66199248558428 1435.59694817748 1500
-0.123 -0.125864246317725 -0.0872668821233575 -2.41597322518287 1450.65823571937 1500
-0.124 0.10118448669384 -0.140618957753145 -2.19034487076531 1522.20448012353 1500
-0.125 -0.142881180696216 0.189963545873864 -1.51425863037931 1500.10858501268 1500
-0.126 0.170991105423505 -0.245642667547801 -1.52796762540832 1509.04505098742 1500
-0.127 -0.123663378986311 -0.0866145622198064 -1.07819550409761 1500.1713068513 1500
-0.128 0.500656137212687 -0.0877667478508387 -1.00138384571925 1526.80515014325 1500
-0.129 0.195976834499213 0.47326153284579 -1.18097900194317 1532.08824982961 1500
-0.13 -0.315274275220026 -0.0346170093509426 -0.882458357745107 1482.67027839406 1500
-0.131 0.212619134655853 -0.429324849808159 -1.41547164459109 1546.84022255505 1500
-0.132 0.236479437279658 -0.0677623196710375 -1.01635882300363 1518.03492510555 1500
-0.133 0.237498548056948 0.362579204903884 -1.4138424096808 1528.25207031906 1500
-0.134 -0.0475054558020788 0.250071822754534 -2.01984865280738 1493.14744504845 1500
-0.135 -0.354896557558707 -0.281483294120373 -1.42764109964106 1496.13676591882 1500
-0.136 -0.288565838301844 0.122535264741627 -1.3547149397731 1456.57127931285 1500
-0.137 0.785775237185706 0.375018284756597 -1.64833880899591 1535.11418845611 1500
-0.138 -0.116182779897371 0.0867797502791547 -1.09274258756546 1499.84121660105 1500
-0.139 -0.385637597828767 -0.614638469218233 -1.42634511029907 1495.29517880802 1500
-0.14 0.116588408445038 0.276186898335791 -0.95602527625564 1526.78481637626 1500
-0.141 0.17390073538649 0.183993214397151 -1.03218321987305 1495.2570945634 1500
-0.142 0.0207621144844139 -0.319584478562661 -1.24979869149219 1501.70563462507 1500
-0.143 -0.134141397943458 -0.135460435824428 -1.22836827563512 1478.43629673882 1500
-0.144 0.0812622286042132 0.296299715325112 -1.30720768898586 1485.74190202105 1500
-0.145 0.320843135727373 0.0202550421591994 -1.04083909581656 1545.6569708293 1500
-0.146 -0.410276592549936 -0.197077360402866 -1.43288694927995 1479.03269592029 1500
-0.147 -0.0381952151581701 0.162818794438391 -2.02381864707051 1478.2924431349 1500
-0.148 0.0655391075032274 0.222010652779107 -1.25713363647987 1494.8988063498 1500
-0.149 0.0728761419254562 -0.166334452892345 -0.883142760765204 1537.28798162934 1500
-0.15 -0.17238469673422 0.217001367527108 -1.58595076168384 1545.61706438737 1500
-0.151 -0.212039501908271 -0.388713406556776 -1.07819662356916 1557.798614067 1500
-0.152 0.061622837354113 0.102069109608884 -0.750574932850877 1499.66757315736 1500
-0.153 0.110791896733856 0.196984441497038 -1.07385669115877 1539.27725484252 1500
-0.154 0.0976501537558466 -0.0616523466792015 -0.893829471791401 1467.80247155413 1500
-0.155 -0.267175430745329 0.165714235257474 -1.69783534765247 1562.03952807742 1500
-0.156 0.332990724178941 0.017790633638903 -1.26090783751718 1473.95469227425 1500
-0.157 -0.0258629769559948 0.0528985416906873 -1.37048159384316 1504.44302523613 1500
-0.158 0.0335647356252142 -0.429062126969706 -1.47317844654845 1545.87751389684 1500
-0.159 -0.121453563216196 0.0246606692672074 -1.37829129932332 1467.99325054136 1500
-0.16 0.137418131746014 0.252720037400943 -1.21477368311516 1516.24205851665 1500
-0.161 -0.0210380270198789 -0.00697263368397963 -1.16292095095149 1564.90481765528 1500
-0.162 0.295686251634035 -0.0902057445936438 -0.734278712666349 1449.3845416774 1500
-0.163 -0.256392060778994 0.20610143392583 -0.918477992073518 1519.40335962628 1500
-0.164 -0.35804738059395 0.0200735484299025 -1.04622121850278 1535.89470356277 1500
-0.165 0.265290699622884 -0.0078644620039991 -1.3545478145689 1471.85433371697 1500
-0.166 -0.224373541257544 0.0392830705587968 -0.660424817421693 1497.92230322048 1500
-0.167 0.169579778103584 0.217190484177321 -1.15917397921571 1506.79480546988 1500
-0.168 0.054166568565701 -0.00580652396811287 -1.58631096779557 1524.82027017265 1500
-0.169 0.057256467400718 -0.547622497933917 -0.870412880839946 1541.43992844251 1500
-0.17 -0.0783290417432315 0.26720167115011 -1.03714632673836 1513.99675705736 1500
-0.171 -0.0960419718741382 0.154263645283314 -1.20657558836357 1517.94028578411 1500
-0.172 0.19076225045987 -0.413423668008945 -1.37835050547719 1494.9040126235 1500
-0.173 0.199874857293872 0.0614994667627557 -1.22656600141263 1507.98953204714 1500
-0.174 -0.102653524755145 0.155415666722047 -1.00629261863938 1518.53400658881 1500
-0.175 -0.0386025137300263 -0.0738193094305649 -1.10067655234634 1533.93072004369 1500
-0.176 0.11207708531278 0.104614812264794 -1.25385642650993 1521.1378638795 1500
-0.177 -0.115013365834628 -0.159589030245072 -1.05993782886958 1462.36448253464 1500
-0.178 0.125380076692688 0.0883792764213099 -1.18645283389191 1464.00470104847 1500
-0.179 0.317560048107238 0.0890314582408074 -0.716201526863527 1444.88495046678 1500
-0.18 0.0447663873062537 -0.112332563604463 -1.12985927549248 1492.6607202385 1500
-0.181 -0.200215080442931 0.147713179894547 -1.27701874819011 1479.81730561966 1500
-0.182 0.0150216926904517 0.102200587331186 -1.16056160121655 1540.07766552214 1500
-0.183 0.16583083783712 0.0162372129768585 -0.876890222236823 1490.0039923457 1500
-0.184 0.0451726432550524 0.116832186881488 -1.22267117688916 1511.16209199855 1500
-0.185 0.0505730200265348 -0.372120329530953 -1.30174202240051 1471.93843820072 1500
-0.186 -0.00450690431009659 -0.181695597544179 -0.858767114006833 1537.60926441383 1500
-0.187 0.136501652626598 0.243470925756201 -0.701007325492366 1530.39399729459 1500
-0.188 0.154418336321551 0.191540621938181 -1.22689796845652 1512.97115018026 1500
-0.189 0.0302312985250249 -0.802959159491762 -0.920680914984834 1516.39420613309 1500
-0.19 -0.229876100003412 0.331384180541039 -0.90534265331731 1565.47856473882 1500
-0.191 0.129257164804221 -0.122715401661313 -1.09191097587321 1535.82214452665 1500
-0.192 -0.127800093120781 -0.249637367234794 -0.788340831547854 1456.60852566314 1500
-0.193 0.194110336649522 0.183933710503772 -0.877005058155747 1536.70277990978 1500
-0.194 -0.341645958876278 0.325434584073967 -0.901004967701929 1511.27550953748 1500
-0.195 -0.425911859535325 0.05022135730428 -1.02818272985987 1437.60921021818 1500
-0.196 -0.118325621560983 -0.262847920840264 -1.25760358425354 1498.1422489504 1500
-0.197 -0.12196294417097 0.222156182302557 -0.842367521464315 1501.02905910835 1500
-0.198 0.00279656618868805 0.269640214588121 -0.963777663883865 1523.8010439434 1500
-0.199 0.301460799502661 -0.483147631879212 -0.895737296637578 1450.85598640525 1500
-0.2 0.426962150452669 0.113544669579579 -1.10211349353987 1448.49527096125 1500
-0.201 0.0786762173737501 0.272332599361156 -0.860286060333073 1478.48439084361 1500
-0.202 0.0519803513207768 -0.0348105324279791 -0.97774781219834 1529.41495644325 1500
-0.203 0.182764170870481 -0.205337755623528 -1.1299140843234 1498.60885753585 1500
-0.204 0.219045849793537 0.225299655030404 -0.672955091326531 1447.27513362479 1500
-0.205 0.06671666217772 0.278387675664284 -0.900985871179178 1443.45230221913 1500
-0.206 0.0625535331760587 -0.160186516303533 -1.22853911241975 1525.2587327741 1500
-0.207 -0.260202284175836 -0.228724784664648 -1.0225425777246 1496.88776070131 1500
-0.208 -0.0233380886863172 0.290966595736897 -1.19705666833628 1532.67183523066 1500
-0.209 0.0354642054876433 -0.10502962456553 -0.714518253745955 1446.32619061415 1500
-0.21 0.286230123793999 -0.255622366748323 -0.843189091516852 1505.58401262011 1500
-0.211 -0.26193076809337 -0.0319915646744807 -0.997487202066073 1487.29798288303 1500
-0.212 0.00516403048762825 0.190422134660484 -0.601016334782305 1539.16139451848 1500
-0.213 0.110050937339223 0.531524452301908 -0.946761026682624 1516.05312636619 1500
-0.214 0.371424108411824 -0.157509954400197 -0.874676808180634 1480.78387262622 1500
-0.215 -0.396465458486554 0.0896720097446485 -1.20521136940041 1436.40974310679 1500
-0.216 0.0527601303925473 -0.262819346085568 -1.07413057364878 1526.56666674786 1500
-0.217 0.25108113574879 0.0825740383178301 -0.95155865306157 1515.08037853326 1500
-0.218 -0.441159700976136 0.395313959153687 -0.858979833506099 1476.48127552211 1500
-0.219 0.0121447160724024 -0.3103434740059 -0.770019349936464 1478.27253671286 1500
-0.22 0.0919906361840638 0.269942084918995 -0.801214515208054 1452.70298521982 1500
-0.221 0.251716368376086 -0.0885940896076738 -0.996140876894248 1491.63647488828 1500
-0.222 -0.290184215655358 -0.0636425878272898 -0.923702260438927 1562.22119643554 1500
-0.223 -0.201075802849046 -0.0906678206097561 -1.20764847071733 1501.47935281968 1500
-0.224 0.0890867297259986 0.0604700475215826 -0.973021016428239 1532.29065251527 1500
-0.225 -0.0192218798498696 0.0486626889265643 -0.661376667716153 1526.63207780262 1500
-0.226 0.267464462880913 -0.10155703846497 -0.79115417707717 1465.66687094588 1500
-0.227 -0.0678317751626856 -0.138262347337868 -0.847214519540928 1500.57278633556 1500
-0.228 -0.0907724032605428 0.0107872560081486 -0.568722429792067 1465.21173691052 1500
-0.229 0.228798239465446 0.0493082217276764 -0.856346682060516 1489.0851019039 1500
-0.23 -0.0285309331061681 0.198792439884805 -1.10329524625777 1511.39204600156 1500
-0.231 -0.280357686108521 -0.469613990803729 -1.04451323739183 1478.82807182665 1500
-0.232 0.0474699788581075 -0.00900123554959508 -0.817692820968374 1464.03295670778 1500
-0.233 -0.0533174810690338 0.136600810931015 -0.534974355368112 1523.52115857841 1500
-0.234 -0.2938743192758 0.0438192934837244 -1.0282475805007 1505.87502648469 1500
-0.235 0.132851139525992 0.00335852500467446 -0.823668383227578 1532.35821270901 1500
-0.236 -0.0685290609079389 -0.00623579173404756 -0.458094310667734 1536.03760065967 1500
-0.237 0.193338435350829 -0.0904199327887249 -0.594913414106215 1537.1323881825 1500
-0.238 0.156928966112388 0.235753684060568 -0.859859284021633 1524.56956630067 1500
-0.239 -0.0775905509608814 0.0852557762751753 -0.847728502731791 1479.87285687473 1500
-0.24 -0.0463080246812573 -0.329385845732671 -0.878665867645883 1512.18774942402 1500
-0.241 0.210216264653446 0.0406620297939345 -0.931678748935467 1521.75906106393 1500
-0.242 -0.0414630088625575 -0.226459700297168 -0.927768144191224 1457.22100231642 1500
-0.243 0.24739459401776 -0.187450412259458 -0.691475105734212 1503.12677828893 1500
-0.244 -0.00915972918916044 0.377101460600593 -0.0937327195728011 1465.5674675482 1500
-0.245 0.265688713991663 0.00296633867286555 -0.739601204133538 1512.52758443846 1500
-0.246 -0.232686383603052 -0.140086714942728 -0.664341378502731 1529.67901724317 1500
-0.247 -0.129533651626692 -0.381596377455134 -0.792465431126967 1547.98930443157 1500
-0.248 -0.0676344063961251 0.24127703037815 -1.10460911462405 1473.67865947338 1500
-0.249 0.021665793296394 -0.0390596196003356 -0.611399234727753 1481.3231743886 1500
-0.25 0.280188896198579 -0.0999056074363062 -0.622281606224883 1557.32643552747 1500
-0.251 0.0289279962906364 -0.219813237353521 -0.791811871728125 1502.32866996884 1500
-0.252 -0.000528539496984873 -0.000216124617675979 -0.603524256899323 1493.0466930993 1500
-0.253 0.246217050747129 0.314798842389055 -0.710587535709614 1516.14359448258 1500
-0.254 0.00865699868428271 -0.19464487419746 -0.694724194806466 1496.21528117426 1500
-0.255 -0.0822877651532762 -0.24465480130072 -0.956357267684343 1500.65790431894 1500
-0.256 -0.132181518176361 0.245634352412998 -0.836260785089775 1534.36551194037 1500
-0.257 -0.194978611902667 -0.199530997947081 -0.209520551463051 1503.73585523271 1500
-0.258 0.0661843467808827 -0.311845174946484 -1.10138692067826 1532.02579099993 1500
-0.259 -0.336558611390047 0.116215751058922 -0.49575358024767 1516.3422687994 1500
-0.26 0.255734091389732 0.167794879777351 -0.524735509453898 1460.37931003751 1500
-0.261 0.412034114157315 -0.0531440832748422 -0.749770217591233 1466.42626402644 1500
-0.262 -0.0177080342478626 -0.273826590522963 -0.871580380026486 1537.43461688019 1500
-0.263 0.277829474898703 -0.0014943709456382 -0.995871612224401 1471.92751981525 1500
-0.264 -0.120553688688208 0.178173730734454 -0.508700968199502 1454.31428213912 1500
-0.265 0.47350115647264 0.097622058436928 -0.382018209382723 1479.51686126915 1500
-0.266 0.15908117923791 0.152128033481287 -0.822738634601577 1479.39918619312 1500
-0.267 -0.373256416656096 -0.399700429024944 -0.454596001002033 1464.32637636321 1500
-0.268 0.358522432174178 0.307935554524108 -1.01644661635692 1500.34999873109 1500
-0.269 -0.132234733402539 0.130020422502859 -0.656952979995392 1483.1415534498 1500
-0.27 -0.0626431084310768 -0.130161125926086 -0.880500078313902 1446.67355177327 1500
-0.271 0.129708277750485 0.175743114452609 -0.978837443193778 1485.89589717149 1500
-0.272 0.0454626272334441 -0.0705823741409452 -0.409517851542314 1485.74298041727 1500
-0.273 0.203310790878504 -0.149177734904502 -0.576451059779314 1532.97102885675 1500
-0.274 -0.0549207831700465 0.649717296402276 -0.856800074149297 1449.73062936014 1500
-0.275 -0.179545383872854 -0.181239029031105 -0.446163875050152 1458.66477468246 1500
-0.276 -0.229181912932358 -0.170525075651035 -0.872640513590421 1456.2747877383 1500
-0.277 -0.177193484906947 0.188339390639206 -0.807928313670855 1486.42375585299 1500
-0.278 -0.281188600243511 0.00605646242726016 -0.790760911015132 1508.09984738382 1500
-0.279 0.397288072997119 0.0263054139368329 -1.11566515980205 1459.64569904342 1500
-0.28 -0.351573119059866 -0.0952779942822132 -0.198244522309676 1436.75237696726 1500
-0.281 0.130112523185741 0.0791191325623392 -0.388866598856259 1515.16247768857 1500
-0.282 0.498536894184769 0.299159976581774 -1.25325858008858 1472.44868466177 1500
-0.283 -0.455752107510077 -0.367363184384276 -0.323393199169607 1474.5707200003 1500
-0.284 0.299694675931955 -0.0673894295817469 -0.961645727181238 1517.34439473409 1500
-0.285 -0.0140110186104966 0.169847818990652 -0.640906140997513 1464.90691023677 1500
-0.286 0.271413924937546 0.138255221565628 -0.628672313616367 1480.58951565933 1500
-0.287 0.0339312328233471 0.052683707457255 -0.746369542651188 1483.77966867012 1500
-0.288 0.0563867811134452 0.125236110939011 -0.637304667031995 1500.15678729658 1500
-0.289 -0.0482028394096667 0.0973696617441774 -0.929472120208237 1519.14731573418 1500
-0.29 0.0966752893335614 0.261825958136466 -0.501905508409733 1491.84069888285 1500
-0.291 0.196285854706792 -0.274556910219271 -0.475617762753511 1455.50011174473 1500
-0.292 -0.155932961717619 0.226719428886982 -0.920740528127898 1445.26178011244 1500
-0.293 0.166242914523905 0.034741219414171 -0.725374235281197 1546.78593306945 1500
-0.294 -0.142155165172513 0.0541160157294037 -0.494708660550241 1522.57930064778 1500
-0.295 0.124759641185064 -0.0443050294944121 -0.767305610732811 1442.86031150849 1500
-0.296 0.360753645824263 -0.146909525354006 -0.400130112491051 1524.5186023039 1500
-0.297 0.1664683854474 0.60957961485813 -0.363008299046141 1542.77569413332 1500
-0.298 0.312604701511804 -0.241214067461474 -0.883385435143849 1512.96933163397 1500
-0.299 -0.124746100507428 -0.241242290402155 -0.829585912923631 1542.37518413791 1500
-0.3 -0.115582620514781 0.386599463172276 -0.761820690290225 1484.10661705765 1500
-0.301 0.102541901141696 0.246588670895407 -0.470584836627131 1462.94723797356 1500
-0.302 -0.026476474426924 -0.421076180111006 -0.905549818734945 1545.21838302833 1500
-0.303 -0.192952408394425 0.19943889105301 -0.748963383686701 1475.09344018271 1500
-0.304 -0.0728171394372604 0.215237455770636 -0.400570189778322 1470.9856457822 1500
-0.305 -0.266192736617423 0.173066647162987 -0.878918286977559 1466.19788657523 1500
-0.306 0.0571455141099226 -0.617649793265512 -0.998929088132168 1443.16537009462 1500
-0.307 0.108817313089573 0.132028847133781 -0.309075958488198 1450.53989379932 1500
-0.308 0.0718125077959403 0.420519436896331 -0.571941530763933 1506.55774901394 1500
-0.309 0.0540594420988379 -0.0887596746952088 -0.607512422755462 1479.30213009903 1500
-0.31 -0.00332823699411164 -0.114641964573489 -0.600778511722475 1475.16809098094 1500
-0.311 -0.194554141847896 0.065404916700687 -0.501227959926278 1485.89441391277 1500
-0.312 0.0351936482292138 0.2547384723504 -0.671258574197996 1512.83779381359 1500
-0.313 -0.124093666356738 -0.0170690694014959 -0.662004246364473 1538.6801028641 1500
-0.314 0.0685245806113626 0.0252450720433656 -0.538514061925509 1486.35378802713 1500
-0.315 0.0560281940202996 0.060528651447263 -0.343078705975204 1501.29036241184 1500
-0.316 0.0796009967722576 -0.137375369422009 -0.911925548034695 1521.86386263415 1500
-0.317 -0.0249902971711736 -0.23992167857397 -0.463422485153015 1467.02184234627 1500
-0.318 0.117696981729425 0.198368325699876 -0.852731497926327 1512.52350910884 1500
-0.319 -0.0582734554426455 0.130760066441528 -0.677837126155776 1480.44832483585 1500
-0.32 -0.45243993218963 0.11459361886856 -0.485298299445242 1550.93258563997 1500
-0.321 0.614991032027464 -0.203967315649205 -0.575199216807591 1448.94505873091 1500
-0.322 -0.0219452818616868 -0.060433382516715 -0.0304612047441787 1523.37408087169 1500
-0.323 0.0078529194215288 0.0579721410380674 -0.522223241571289 1490.0213245608 1500
-0.324 -0.0675666228767308 -0.127395235899214 -0.48674095377787 1459.82064090911 1500
-0.325 0.0232009743688626 0.171210952239387 -0.719954098916466 1540.08547598381 1500
-0.326 0.035345456271961 0.0119323946760858 -0.859261775737785 1551.73928402744 1500
-0.327 -0.0916131717385829 0.0920286745436945 -0.46758654566053 1513.53677573091 1500
-0.328 -0.2604038038163 -0.133597012447225 -0.607257789054999 1424.714541013 1500
-0.329 0.196720225700738 0.0702844024060641 -0.50948953987097 1491.71727976686 1500
-0.33 0.214647793235334 -0.202499196209759 -0.350159605525881 1549.21628175004 1500
-0.331 0.092665757400561 0.194530004787173 -0.880262662855255 1507.66976737503 1500
-0.332 -0.281076600733563 -0.636140593623138 -0.622820441830803 1500.44212853589 1500
-0.333 -0.0372437318540312 0.0848827541967264 -0.68369752510868 1504.80352573052 1500
-0.334 0.30169938438384 0.293215512011184 -0.490473324753767 1437.87885486985 1500
-0.335 0.0683742507937899 0.0439032079390332 -0.43889663018036 1509.12836326136 1500
-0.336 -0.332194360608008 0.0966923519594358 -0.494726989605791 1543.78882534742 1500
-0.337 -0.0661835970717336 -0.0246602940190208 -0.623234368406081 1507.26310284145 1500
-0.338 -0.00655595069795956 -0.133691046909178 -0.451369491347638 1533.33729476709 1500
-0.339 -0.466123379142334 0.119474280818013 -0.941581324108525 1442.98693011222 1500
-0.34 -0.0725616901477231 -0.42019117103231 -0.460743188293726 1548.55374973782 1500
-0.341 -0.028624925491543 0.168460836680469 -0.624243726554979 1471.71894386932 1500
-0.342 0.243667892857533 -0.171771187923815 -0.929982767007701 1512.90821155217 1500
-0.343 -0.215763243698788 -0.130725821873861 -0.177933260213445 1481.600467837 1500
-0.344 0.240734957359297 0.264752152556122 -0.488474551615411 1469.25457658423 1500
-0.345 -0.0349498812904136 -0.123344129421914 -0.487947275625409 1487.20151583089 1500
-0.346 -0.163322716817047 -0.112361682057294 -0.483537764232868 1475.6739129914 1500
-0.347 0.111847135243801 0.475538256279467 -0.571907920588929 1540.15803943846 1500
-0.348 -0.0088223391629998 0.0689205973578351 -0.520275612958201 1483.65002811807 1500
-0.349 -0.537310963166075 -0.483114870418981 -0.257931575770678 1471.73316874336 1500
-0.35 0.617116583774031 0.0592306193585829 -0.66443360758623 1476.789640254 1500
-0.351 -0.0745788861126835 0.317866694650668 -0.170020803687196 1500.43838334713 1500
-0.352 -0.171500080127262 -0.0875145633320893 -0.518300874533927 1549.37657201401 1500
-0.353 -0.113675050634433 0.0551487902940063 -0.747321957378734 1546.50284604584 1500
-0.354 0.0591857926773853 -0.203388650783789 -0.176845593058182 1560.3600280116 1500
-0.355 -0.0124982101556038 0.0408034721936257 -0.766978895767036 1527.47035286869 1500
-0.356 0.0816706473945651 0.145438094927942 -0.853513656999892 1549.75064340175 1500
-0.357 0.0900926333154222 -0.123648386810236 -0.216370299750909 1500.1390079585 1500
-0.358 0.337540416712245 0.284278161531346 -0.603436993315031 1471.31801495662 1500
-0.359 -0.150384147770886 0.0619442901121481 -0.44183384445931 1500.35874454879 1500
-0.36 -0.133651709005232 -0.435126926356194 -0.602836342075043 1508.21771876882 1500
-0.361 0.0835042183594492 -0.108448511331424 -0.597370841700512 1467.68397428481 1500
-0.362 -0.259837970866954 0.463572281773644 -0.360018523990843 1519.02077334033 1500
-0.363 0.451454522894644 -0.205295639826958 -0.599688086392131 1503.99390666487 1500
-0.364 -0.23589657554169 -0.112348529581541 -0.276448697811527 1513.16629341723 1500
-0.365 0.0291710133634071 0.122062992886366 -0.208713467467589 1488.09978783724 1500
-0.366 -0.0123900480071378 0.11830564926403 -0.513651269340784 1501.10391463186 1500
-0.367 0.208558643212122 -0.208847081973836 -0.467836917147017 1502.27900981584 1500
-0.368 -0.346521722709487 -0.112699537121994 -0.680479477206805 1468.56006656825 1500
-0.369 0.367556869719351 -0.0201119604976751 -0.823600104058767 1460.04111239061 1500
-0.37 0.12738772896616 0.451005915646644 -0.0262614978191499 1557.68862690362 1500
-0.371 0.407510192135836 -0.273664837761004 -0.360864406801693 1546.08918558513 1500
-0.372 -0.310356398284974 -0.0374591616038695 -0.393954611737855 1496.62017476381 1500
-0.373 0.19335566129969 -0.0034218790654583 -0.321993752072085 1451.37492983691 1500
-0.374 0.0871561462545056 0.230849832977333 -0.8017678196049 1555.30099456011 1500
-0.375 -0.0705535539896752 -0.46540578935562 -0.424388655726562 1494.62061413717 1500
-0.376 -0.232001200279554 0.178804345056087 -0.882149928289179 1537.2599965235 1500
-0.377 0.207481973446333 -0.0614622872134103 -0.378996300376163 1474.48892542415 1500
-0.378 0.284592237611675 0.101859073623463 -0.301580766412094 1474.78066738808 1500
-0.379 0.0544770735105871 -0.0989170236672636 -0.501322386648646 1554.52673082529 1500
-0.38 0.0240995685515745 -0.121033464565275 -0.350152235062921 1487.93062677288 1500
-0.381 0.0334253429473975 -0.0428478964258141 -0.456177337246697 1545.4816505763 1500
-0.382 0.409542598031064 -0.0771779273545281 -0.393474551801785 1518.22035820882 1500
-0.383 0.171159495673916 0.0994992426821244 -0.513928760601156 1514.25685262603 1500
-0.384 0.0828048675503892 -0.00393234580082942 -0.523314974861569 1492.81519185403 1500
-0.385 -0.028320658764319 0.232650961432325 -0.191799110241302 1472.22660574688 1500
-0.386 0.116360534425243 -0.383911420422265 -0.614229063303456 1528.51150821167 1500
-0.387 0.018425522285551 0.202170834901566 -0.677304383038376 1510.36979980628 1500
-0.388 0.111127675526178 0.144453233474743 -0.43659103471826 1500.29780795018 1500
-0.389 0.227884207933338 0.221903799621385 -0.353335349667676 1531.39285932388 1500
-0.39 0.305459518230112 -0.178219179172899 -0.528404859948962 1472.57315296062 1500
-0.391 -0.455028688398641 -0.215691407101224 -0.433567347817755 1469.9533799708 1500
-0.392 -0.369792821289209 -0.102801875976671 -0.568757673607735 1532.58285469838 1500
-0.393 0.302486817717782 0.104061543362365 -0.474421096329067 1461.44914171635 1500
-0.394 0.0325847212509678 0.141324209900985 -0.294621652191426 1464.55068300933 1500
-0.395 0.326234642964519 0.148890370668446 -0.771310591477465 1453.91806547657 1500
-0.396 0.0105055168731102 0.047471232724041 -0.321851694743292 1509.93710286966 1500
-0.397 0.0993615017980824 -0.16545545245534 -0.483291999075409 1490.56170421025 1500
-0.398 0.250041098501917 -0.331701070490552 -0.667099028547066 1479.6550149897 1500
-0.399 -0.190600311254195 0.632955026823856 -0.327769938112698 1508.87021385316 1500
-0.4 0.142577113677512 0.260771522576243 -0.509755470414539 1490.9353603574 1500
-0.401 -0.0434225296763039 -0.469824573553739 -0.475889477929642 1519.26647693656 1500
-0.402 -0.308388332198665 0.184783411016827 -0.375660362880778 1428.08409314556 1500
-0.403 0.270437903129589 0.365936423250577 -0.0690314869846054 1513.51946687295 1500
-0.404 0.275143896034373 -0.227467482967138 -0.724244431920504 1472.28289210381 1500
-0.405 0.0215146124073967 -0.0483836561145258 -0.453097526840385 1561.78771190121 1500
-0.406 0.246783796410695 0.453591246880994 -0.268129757703997 1452.15003384999 1500
-0.407 -0.300950271976017 0.219276715770928 -0.608338040135801 1543.51681886548 1500
-0.408 -0.429452850029432 -0.356015225489018 -0.653024934063897 1510.7383934006 1500
-0.409 0.288178528409775 0.15813220231172 -0.731141316295055 1490.34636985003 1500
-0.41 -0.0833374315592818 0.140038577700919 -0.0465173637741165 1469.07236451692 1500
-0.411 0.333090906771233 -0.203930911987646 -0.830335884223765 1547.48725583549 1500
-0.412 -0.0955594952743608 -0.14239965311977 -0.651934023422907 1492.12168496679 1500
-0.413 0.0243046123228289 -0.0688980714346863 -0.932992717970077 1540.69967137723 1500
-0.414 0.0863934023218254 -0.0281065219186359 -0.793547170484845 1548.98327229243 1500
-0.415 0.121979138866796 0.10766039155834 -0.304045888398157 1512.67682138805 1500
-0.416 -0.161484584258965 0.163887970765654 -0.434761842059822 1534.08567347522 1500
-0.417 -0.248453913647772 -0.0508350253710655 -0.349634093042222 1513.6844599566 1500
-0.418 0.156670513598691 -0.061988081699659 -0.4321044510751 1472.03782597793 1500
-0.419 -0.13366392187393 0.0561821540738482 -0.59923636940563 1494.6616691081 1500
-0.42 -0.090460298772009 -0.0301358510048964 -0.496677948902802 1510.91535906834 1500
-0.421 0.262285431668874 -0.0987363046498594 -0.488620201335082 1476.40373608816 1500
-0.422 -0.140025816613687 0.0501583391120534 -0.124796596363895 1526.54424942194 1500
-0.423 -0.0816607896636864 0.0763932064751658 -0.550712259884784 1548.04354747587 1500
-0.424 0.116519169325181 -0.311712191085623 -0.689503264689612 1523.25443329592 1500
-0.425 -0.00106033663736816 0.0772077523572287 -0.214236321793892 1443.17887149196 1500
-0.426 0.216196786013104 0.498469704341535 -0.731422791372878 1530.17776101181 1500
-0.427 -0.544090065343739 -0.108494802259922 -0.148322619718344 1477.42126476615 1500
-0.428 0.297509495088286 -0.153593740134621 -1.01624914615484 1476.93171101903 1500
-0.429 0.343996895761607 0.230888514941061 -0.322493187691898 1522.24469363325 1500
-0.43 -0.101194363808516 0.214202336029305 -0.274922848530659 1479.73590444905 1500
-0.431 -0.0663460613232396 -0.234137618486447 -0.887432465958685 1534.1138920451 1500
-0.432 0.106907950632391 0.0570186204554445 -0.384471581647989 1460.92091545994 1500
-0.433 0.270534877466371 0.415524140670587 -0.339028876943919 1470.74953564304 1500
-0.434 0.16670021924866 0.000965759041601321 -0.341836900151572 1520.45013747233 1500
-0.435 -0.171144535566608 -0.39551467446549 -0.430847234579418 1546.04985551649 1500
-0.436 0.0811653548713017 0.133519623079889 -0.647878783605702 1562.53450607509 1500
-0.437 -0.0563424518043583 0.0502489677411658 0.153359498656645 1527.15700439224 1500
-0.438 -0.0790078920545637 -0.0580034999159529 -0.57604741851064 1490.49277821895 1500
-0.439 0.047959076943979 -0.269250345879088 -0.434017042620081 1499.67390346562 1500
-0.44 0.190443204600866 0.320872605403826 -0.187711173460712 1468.03578307699 1500
-0.441 0.741822709847464 -0.165141542764768 -0.634567520667699 1525.06712894172 1500
-0.442 -0.786858433848019 -0.146069186464711 -0.431936206709624 1495.38575082653 1500
-0.443 0.54911997074398 -0.423424706994619 -1.02065262531921 1459.84851216176 1500
-0.444 0.0843470270966871 0.181126229294053 -0.827073804794851 1562.3398981882 1500
-0.445 -0.259127263749731 -0.179132323776532 0.162662173994777 1468.63333300948 1500
-0.446 0.358718873075642 0.0341749806277272 -0.606715286877853 1486.72506897851 1500
-0.447 -0.135979735324406 0.17901931164262 -0.315990172878519 1450.62021391356 1500
-0.448 -0.0431127293271605 0.0378223477881202 -0.495995646188268 1468.12531179491 1500
-0.449 0.276613004049529 0.0653685438524371 -0.448921455246885 1545.45352978178 1500
-0.45 -0.631524406564372 0.0764396019602272 -0.440941612042853 1451.82937428063 1500
-0.451 0.352357806030243 -0.0286009331858684 -0.793774016276577 1451.90965421345 1500
-0.452 -0.105019528016533 -0.0482306243918232 -0.503627359560375 1514.73368408055 1500
-0.453 0.0829265375100262 -0.226706022683532 -0.421881504753793 1550.5423993917 1500
-0.454 0.272743112123215 0.168896648178879 -0.252938675965093 1520.68810189817 1500
-0.455 -0.146057532486905 0.206676241356238 -0.247507314902241 1512.19539398002 1500
-0.456 -0.55786120502713 -0.282614649865225 -0.583994212702222 1496.7516914131 1500
-0.457 0.025894223108903 -0.0846502046557192 -1.00588356110604 1451.9821132576 1500
-0.458 0.306196853992974 0.325470546615403 -0.340536858520715 1517.3120781482 1500
-0.459 -0.0922536212216178 0.160891821752083 -0.466290928309521 1462.08905080453 1500
-0.46 -0.066032955322443 -0.344397771397527 -0.414071606765381 1461.42444788894 1500
-0.461 0.490551653691013 -0.22246888776352 -0.541443105903282 1479.29888513356 1500
-0.462 0.036823987264128 0.41312996204451 -0.792589738259971 1443.13322926013 1500
-0.463 -0.15161539684742 -0.208667216639994 -0.378322178455399 1543.82706187054 1500
-0.464 0.117834535701083 -0.292150776972593 -0.532962396253087 1560.4035820626 1500
-0.465 0.304731964717554 0.248142444459842 -0.514523376168065 1471.08846683101 1500
-0.466 -0.462799094446302 0.125712647175897 -0.404197697522658 1548.95641754795 1500
-0.467 -0.0924001296807552 -0.219599687004768 -0.629206125895604 1503.60383295446 1500
-0.468 0.000762046764916124 0.151660314480234 -0.31883436090772 1514.71412855678 1500
-0.469 0.13766395149565 0.0759828817392324 -0.765325866014296 1530.47564615341 1500
-0.47 -0.0507193835418777 0.0340531676021745 -0.446398712858674 1477.99222695116 1500
-0.471 0.0361778317168306 -0.261581305426513 -0.389437119137505 1487.80984051336 1500
-0.472 0.38785174453791 0.0272595663454507 -0.39708497978312 1495.56720748921 1500
-0.473 -0.370121492364533 0.363198079921908 -0.651398590981886 1515.5233779161 1500
-0.474 0.0570772842996216 -0.214916983830381 -0.578109168300037 1459.34277823962 1500
-0.475 -0.372480830383848 0.035477231328731 -0.282269766913772 1525.23070417099 1500
-0.476 0.382525354309961 0.181161169603818 -0.405160121353989 1478.91485400118 1500
-0.477 -0.312587846710576 -0.213671541583833 -0.525495914004698 1449.7017009479 1500
-0.478 -0.0808898988625695 -0.183515554253181 -0.523750170964825 1505.64766578944 1500
-0.479 0.557705610414639 0.143803104685932 -0.817535656221591 1459.11653060989 1500
-0.48 -0.131130681443617 0.202925910860495 -0.166471573818364 1538.60953503668 1500
-0.481 -0.215397671881556 0.0442928271219351 -0.505802727042853 1495.57844926911 1500
-0.482 -0.00555361589898405 -0.22077026546015 -0.998299550459742 1521.06041168458 1500
-0.483 -0.168802215902557 -0.189761567920081 -0.272680444949268 1481.82909749246 1500
-0.484 0.101991232874501 -0.0495864380036555 -0.681347939086604 1437.10125505508 1500
-0.485 0.0553174545792552 0.460644485622551 -0.843103977099633 1501.88609960969 1500
-0.486 -0.0159556505905105 0.0992302725437835 -0.800505613759509 1532.76574691283 1500
-0.487 -0.106501997554024 -0.627290336890943 -0.641029953697312 1496.92842263501 1500
-0.488 -0.427007485454036 0.487618252816271 -0.342971037671035 1455.88872898059 1500
-0.489 0.336369325107131 -0.169410094421686 -0.275846960391105 1520.93242970591 1500
-0.49 -0.316330565990544 0.128807735530497 -0.97122750314202 1489.272729066 1500
-0.491 -0.536393500887827 -0.0917184841457779 -0.831820250030264 1481.37239958752 1500
-0.492 0.238889732215354 0.317088201295199 -0.308313730307374 1453.18779636261 1500
-0.493 0.305137896494712 0.265872489181003 -0.60278938550952 1465.10431793596 1500
-0.494 0.0736162138716571 -0.625783212518115 -0.530360318131457 1504.00674379358 1500
-0.495 -0.0636113303496553 0.422996698930612 -0.721498146484594 1484.96937021514 1500
-0.496 0.049256351632221 0.0899905081159224 -0.434059858200321 1456.53369934794 1500
-0.497 -0.318013722854451 -0.487001950348827 -0.135994126991879 1481.00613239522 1500
-0.498 0.14669249336542 0.334174205854933 -0.497505630316665 1517.51787166301 1500
-0.499 -0.24743253602425 0.322883178080873 -0.72677454617633 1535.09623036079 1500
-0.5 -0.21270424656306 -0.209885276143976 -0.537062509209831 1464.6876558276 1500
