# Fix print output for fix def1
-0.000999999999999843 3.56985539820388 3.58287976063814 -41.3056646996551 585.099859841036 600
-0.00200000000000004 13.9877169579638 15.2667531844565 -45.2616548804797 608.900991944216 600
-0.00299999999999988 -1.21800218956909 -1.70731584874446 -34.8419149754816 626.125863031589 600
-0.00400000000000007 -8.78609297462014 -9.34755957831154 -32.3927489513914 598.663950282411 600
-0.00499999999999992 -0.639954408155265 -0.00853122144552825 -37.2784259039425 610.110686798723 600
-0.00600000000000011 8.41303130915528 7.36040675845776 -41.2646729670457 587.672862000283 600
-0.00699999999999996 2.95942573234209 2.79502694735911 -40.5149304395058 603.93728986916 600
-0.00800000000000015 -7.3409592136563 -6.4880025547318 -38.9587901682065 619.147513123267 600
-0.00899999999999999 -3.57746960909986 -3.63779164938677 -40.8795080921255 571.661613209767 600
-0.01 5.00422702074377 5.1427002714438 -46.3455899028218 598.528080279768 600
-0.011 4.46338312806557 3.78085287112497 -46.4018034891723 606.352241704612 600
-0.0119999999999999 -3.26299637600989 -1.66671190626658 -46.6751637863468 590.714320895562 600
-0.0130000000000001 -3.60194350949624 -4.53176297402479 -46.6743001353495 595.578835202101 600
-0.0139999999999999 1.16892142845138 1.19385463585619 -48.654877429759 598.207134649312 600
-0.0150000000000001 3.30233441782241 4.2737437323815 -48.5365629497262 589.174542580797 600
-0.0159999999999999 1.22806997921932 0.176987984190553 -48.6726028852564 611.621523348118 600
-0.0170000000000001 -3.61771952720949 -3.50333208822314 -49.7092544178702 595.292068719914 600
-0.018 -2.77705769438125 -2.07282376569923 -53.3328798761079 603.783815358668 600
-0.019 3.54759451268723 2.36393248991665 -56.7585040444825 598.521837260252 600
-0.02 3.3749270386114 3.77736959787734 -60.1134723541153 594.402502036093 600
-0.0209999999999999 -1.89121089688021 -0.941202692674612 -60.0369314088101 599.32055094805 600
-0.0220000000000001 -3.14973114869432 -3.6989321088684 -60.180781839717 610.46790681244 600
-0.0229999999999999 0.2927916704476 0.51273759451145 -62.4872848983481 587.372491799913 600
-0.0240000000000001 3.05269762522414 3.82391979133566 -64.5806025896716 575.28681032109 600
-0.0249999999999999 0.962111329861662 0.327957095333913 -63.2901537163116 607.339438171078 600
-0.0260000000000001 -2.76625692986946 -2.65963529433772 -63.1177637210298 606.894400256664 600
-0.027 -1.63073796927957 -0.886492279492757 -61.0356041685352 581.535954055317 600
-0.0280000000000002 1.78484308729218 1.54465529610484 -58.912279835321 579.128653268285 600
-0.029 1.65547406357059 2.25852040051827 -46.320113043952 595.949799713088 600
-0.0299999999999999 -1.26905844015304 0.0541725848902645 -32.3655233702777 595.834017422015 600
-0.0310000000000001 -1.10532779279904 -0.859332543851138 -21.776701012437 623.6219966035 600
-0.0319999999999999 -0.0940399992322875 -0.319105077120317 -18.670599224502 591.433595959856 600
-0.0330000000000001 0.00206861065092964 0.858313082571218 -25.538032137161 589.249125080286 600
-0.0339999999999999 1.71857592168014 0.973600370622642 -28.4361552145882 590.084270906573 600
-0.0350000000000001 0.390944526576884 -0.126359158690165 -25.0777895045453 611.308177579756 600
-0.036 -1.33448564853317 -0.635938539097264 -18.293802809199 630.013712672977 600
-0.0370000000000002 -0.622637400891266 -0.977163122973687 -15.1635696143029 582.256431805078 600
-0.038 0.159967871304001 -0.0667905944758 -11.4489262898607 592.866608318239 600
-0.0389999999999998 -0.125962287662121 0.898847906889889 -10.0989984775777 611.970622821451 600
-0.04 0.326513199801588 -0.285020900112585 -6.56326843027778 614.254355516346 600
-0.0409999999999999 -0.311196187402694 -0.160740124375789 -2.95320205035357 617.141252409309 600
-0.0420000000000001 -0.0248038211072957 0.164732099261715 -1.25480223712013 597.210096751275 600
-0.0429999999999999 0.402580190992938 0.0525513765221596 0.544388808408854 593.243283221501 600
-0.0440000000000001 0.44410914797383 0.374463725524186 0.141473734786056 609.922178912947 600
-0.045 -0.198018250900624 0.216526363113577 -1.07554105622812 619.666298461758 600
-0.0460000000000002 -0.0889240208083981 -0.513242920794167 -2.15398911470531 617.081468459535 600
-0.047 -0.230786906478915 0.3694465325677 -3.12893729249186 612.696518756674 600
-0.0479999999999998 -0.0553994800812238 0.478434655230243 -4.22349841516387 628.445381344065 600
-0.049 -0.279580742727925 -0.308194386392071 -4.05877749442165 617.000741150704 600
-0.0499999999999999 0.141667000476305 -0.789454427202988 -3.68309775997594 597.467095867899 600
-0.0510000000000001 -0.170390013065783 0.108389954761269 -5.30115522130697 615.886577206015 600
-0.0519999999999999 0.667310433633446 0.201249541679158 -4.65210459277192 618.145458167739 600
-0.0530000000000001 0.0983556077677921 -0.00213362014743568 -4.02892439145509 618.64363669856 600
-0.054 -0.230126865449823 -0.586000229954753 -4.68049100963357 599.336340178796 600
-0.0550000000000001 -0.749864418328592 -0.355805644974996 -5.43310554275194 621.073949244438 600
-0.056 -0.101195427703143 -0.0353153867233387 -5.63927832111726 611.239719269231 600
-0.0570000000000002 0.277444224542147 0.553571888578874 -3.97179984756167 627.422913522395 600
-0.058 0.11084060890542 -0.421770440345363 -3.22526804741987 581.489822180282 600
-0.0589999999999999 -0.372276087654958 -0.186057637504512 -1.88606807077822 600.803224583891 600
-0.0600000000000001 0.348315680559208 -0.230001167929174 -0.672094940693295 623.290644840998 600
-0.0609999999999999 0.54874218288225 0.479657827076418 -0.368451655796382 594.637202424923 600
-0.0620000000000001 0.479688417130935 0.245986549294598 -1.28093487785414 582.938865395704 600
-0.0629999999999999 -0.392924972341901 -0.480440525319859 -1.54026493648975 593.102198969601 600
-0.0640000000000001 -0.469182931896305 -0.339204670011107 -2.99099422872391 602.104169553743 600
-0.065 0.19698863766696 0.243994894479693 -4.88100636290365 588.882101145854 600
-0.0660000000000002 0.386405972623356 0.106046739137046 -5.31519706864035 605.114807094504 600
-0.067 -0.0787563256063397 -0.319651059889863 -3.69951428129381 581.866674205566 600
-0.0679999999999999 -0.322959055150413 -0.233048251208515 -2.93159951412209 581.893757318054 600
-0.0690000000000001 0.223983082973671 -0.204277107411101 -2.13777578507982 590.571642958567 600
-0.0699999999999999 0.354247097025272 0.399198991185087 -0.825893876719101 588.67638683738 600
-0.0710000000000001 -0.00205979595954098 0.101369291876042 -0.27505933967175 580.564359684152 600
-0.0719999999999999 0.127616485091543 -0.115336883728259 -1.13099228171738 608.138030467999 600
-0.0730000000000001 -0.0156163804604786 -0.0738290690652211 -1.87564836626695 586.421394579653 600
-0.074 -0.294615511057816 0.0535014597396839 -2.58378173313593 602.194214573695 600
-0.0750000000000002 0.201398736682689 0.142910035704599 -3.32537579472326 601.723724137568 600
-0.076 -0.25957933176672 -0.237858248056631 -2.77270575563777 605.115136519519 600
-0.0769999999999998 -0.492057608675929 -0.0925972768591612 -2.53006974546947 614.677498441423 600
-0.078 0.501926398431003 0.0485674968374474 -2.13912941833571 614.16663897919 600
-0.0789999999999999 0.361190748486815 0.0563945972405819 -0.80527797429052 593.990895355306 600
-0.0800000000000001 -0.160380837621327 -0.0266792504640173 -1.224944621359 598.370603596174 600
-0.0809999999999999 0.22180085633403 0.0194467181880998 -2.27341196814455 576.388818255407 600
-0.0820000000000001 0.241263816131697 0.021731316151073 -2.24893282404408 588.420808489863 600
-0.083 -0.210035332182713 0.328117082476161 -2.94023860560945 617.252859787692 600
-0.0840000000000002 -0.229489726682815 -0.133690260840086 -2.94267228005669 591.857576412847 600
-0.085 -0.229469232169499 -0.466697042782185 -2.2478966178165 620.461271460371 600
-0.0859999999999998 0.0207251610562587 0.242199377704706 -1.21665974871034 599.312510019472 600
-0.087 0.41379192970493 0.662567146706203 -1.14100228852808 602.899476185559 600
-0.0879999999999999 0.247413222877022 -0.185620884295871 -0.621087022513354 581.910240831842 600
-0.0890000000000001 -0.108460940372743 -0.116584603630097 -0.330805098446753 595.851741435083 600
-0.0899999999999999 0.163115614060618 0.139686177041265 -1.40793125741471 574.150363098095 600
-0.0910000000000001 0.167735926784047 -0.264502767228901 -2.44140898166782 582.573498098526 600
-0.092 -0.14298787519907 0.218473666366849 -3.0415578453982 587.769275250817 600
-0.0930000000000002 -0.233842408999238 0.224382498977653 -3.2315103223842 605.608218076979 600
-0.094 -0.0137932130271197 -0.404386806474181 -2.84773752146924 610.912368079371 600
-0.0949999999999998 -0.139379472462405 0.109638200989205 -1.7388670017612 574.034425399516 600
-0.096 0.25188133409728 0.234270582494971 -0.728620703227964 602.994518802151 600
-0.0969999999999999 0.238851360506352 -0.141622782088122 -0.541324928248161 601.367562801255 600
-0.0980000000000001 0.0548170789800213 -0.244448085762999 -0.77860858869788 605.759360115766 600
-0.0989999999999999 -0.0486062511696275 0.234229020491984 -0.951156152489312 590.787832751116 600
-0.1 0.0112128978690263 0.0827279214647246 -1.50804041190929 604.864629789904 600
-0.101 -0.154337016557877 0.267048141634739 -2.5340195136718 610.309435313823 600
-0.102 -0.152429917780234 0.12921743949449 -2.55859911478756 617.261472109274 600
-0.103 -0.0270703914744807 -0.192382960690237 -1.81600869597484 606.805281315244 600
-0.104 0.0268666814086451 -0.112039684753032 -1.90414302359805 615.162033884954 600
-0.105 -0.0520315978023108 0.272413131167492 -1.35914966025825 622.076536999063 600
-0.106 -0.000973594092281891 -0.0496249003136605 -0.702934849485477 613.090705417114 600
-0.107 -0.0920584439681691 -0.131823903697499 -1.36659006173358 598.406058540494 600
-0.108 -0.282813595373468 -0.227496570708816 -2.13417218499273 583.650306313045 600
-0.109 0.150643859847635 0.0592211234598769 -1.77810936527394 594.868282291661 600
-0.11 0.160354692719391 0.345991175640613 -1.60347657503035 595.800009632904 600
-0.111 -0.0463502552498351 -0.229371885497378 -1.67128913487613 590.284151881657 600
-0.112 -0.144253694400712 -0.0784363119450042 -1.52733588799067 596.430372177343 600
-0.113 0.249194938466218 0.0490844235747401 -0.742031339112662 579.933554706967 600
-0.114 0.103278988273771 -0.043453001438491 -0.855875158607832 590.792212330611 600
-0.115 0.0809736911626519 -0.0896034108227795 -1.50835767934957 611.858857494194 600
-0.116 0.0732385746404045 -0.169841780645753 -1.53580693324284 616.297282528098 600
-0.117 0.0283489554211386 0.105439718967576 -2.0079543445271 624.328889677798 600
-0.118 -0.0300981525570816 0.275755669418623 -2.50780412954744 585.90969128503 600
-0.119 -0.116564026167036 -0.095362564604871 -2.06151835222984 610.033849952018 600
-0.12 -0.026039365756504 -0.244450628777163 -1.23559378441701 609.16713248956 600
-0.121 0.100550439009911 0.0700220038601278 -1.16310714636957 585.489486564433 600
-0.122 0.135248919363878 0.340012490688287 -0.80702521284386 598.4560387101 600
-0.123 0.260457043404044 0.0527200257086889 -0.785751842147807 604.159835574805 600
-0.124 0.0125915972689755 -0.198653445918198 -1.3566745158047 603.005047445587 600
-0.125 -0.139254970000394 -0.261161831768893 -1.79623163206963 586.447373970839 600
-0.126 0.284251809861865 0.224094646734646 -1.76895935975364 580.026253754199 600
-0.127 -0.0250223871432852 0.0392762200803259 -1.41640774034277 591.520312011752 600
-0.128 -0.272774087520726 -0.0336068969763064 -1.73827251844428 613.453084329134 600
-0.129 0.218379556254821 -0.301984401067433 -1.30511829927433 621.972755158954 600
-0.13 0.241699125380757 -0.113801647069583 -0.788273419004983 602.825297506639 600
-0.131 0.310767418079581 0.181202712709583 -1.28799761580976 582.70408384613 600
-0.132 0.023791241456606 -0.077677915767009 -1.39589948283004 604.388900428157 600
-0.133 -0.161889214738704 -0.179771374475668 -1.4485692778097 583.119779643251 600
-0.134 -0.142653254830809 0.235595340759372 -1.69585524539844 586.791459028794 600
-0.135 0.066611991050907 0.436818524420262 -1.57643335706171 573.713588584855 600
-0.136 0.0472395668106785 0.118861938727128 -1.14692715627966 592.528292761889 600
-0.137 0.10038025201521 -0.0396527149571467 -0.934410787565696 613.264949746801 600
-0.138 0.110016924101437 -0.0590330723585739 -0.588967961111459 600.090189664597 600
-0.139 0.192720430964781 0.107717318903987 -1.15150701657858 598.953852068169 600
-0.14 0.0237254041573796 0.181751023768028 -1.62415977990368 604.679229889468 600
-0.141 -0.257615571045432 -0.441476839085168 -1.65929414810173 605.997860600318 600
-0.142 -0.187803670666123 0.0785340202315387 -1.71171804587349 613.345558372795 600
-0.143 0.213977572874937 0.129976476663756 -1.90939348100688 604.45019701521 600
-0.144 0.0339643831043148 0.00634512955404003 -1.13350949534093 589.310035663028 600
-0.145 -0.0118447575076698 -0.0642251401268381 -1.00085624659387 579.918580521754 600
-0.146 -0.111387915693143 0.215604154928957 -0.628519005780889 604.859835024823 600
-0.147 0.4316205560255 -0.0786206154385765 -0.464342739339789 619.152006671053 600
-0.148 0.274368399745489 0.394693445988779 -1.14034981818443 614.40015493764 600
-0.149 -0.0287029147802958 -0.142335551842184 -1.81637089179752 594.026399649428 600
-0.15 -0.23313818319919 -0.208379651029739 -1.67555107297625 581.176064686724 600
-0.151 -0.14199123809605 0.235501951842805 -2.22066237078126 617.652913165697 600
-0.152 -0.146181519595006 0.210408264664841 -1.28517736564282 587.954013813182 600
-0.153 0.117498468576446 -0.189286061247908 -1.14450596338661 612.656048415703 600
-0.154 0.0919284747919979 0.119838132870141 -0.766518869140805 576.507085115786 600
-0.155 -0.03253198422138 0.0540848016907831 -0.606505570733481 623.824507839656 600
-0.156 0.166032055887461 -0.0542695423504012 -0.897492328349283 612.007417822658 600
-0.157 -0.0338015842479388 0.0109194375769109 -1.39042658734757 594.50076560745 600
-0.158 -0.475642614653031 0.0343178855366386 -1.29257152879933 611.767120296179 600
-0.159 -0.218801297006489 -0.226976454166834 -1.73597231064871 602.07776281108 600
-0.16 -0.0398971001268699 0.15274109754437 -1.42183871659603 619.088573031738 600
-0.161 0.119899857713961 0.137960754268312 -0.876011772406242 615.653371672177 600
-0.162 0.212930569349426 -0.0173309045389863 -0.63256231172353 616.226505807544 600
-0.163 -0.173434615424667 -0.123598856358392 -1.05629497180766 579.470409639606 600
-0.164 -0.401558090984925 -0.211682193889516 -1.05597524051249 609.99026900086 600
-0.165 0.0559608255963336 0.0264244499016024 -1.67273310050241 601.214206353769 600
-0.166 0.0566598544910631 -0.0547504866735265 -1.50657960740443 597.751447201679 600
-0.167 -0.215201211770935 0.00674278400330458 -1.56723356250003 596.113850148141 600
-0.168 0.0395863009806745 -0.0462047445643629 -1.18717951016569 599.567594353247 600
-0.169 0.0242198927180926 0.103013268814347 -0.556142172854849 604.690617177663 600
-0.17 0.152999189605067 0.0954182116636449 -0.725507534595016 600.584288817856 600
-0.171 -0.0650395759304987 -0.0857046760811269 -0.799451287462549 600.150529773494 600
-0.172 0.135385646251372 -0.187429079196907 -1.17882294511239 590.064133040399 600
-0.173 -0.233453583332894 0.236141911614484 -1.44193613288843 596.364552341557 600
-0.174 -0.17702612516393 -0.108152066549969 -1.55019045328011 583.397400591142 600
-0.175 -0.451623270855901 -0.41036888832907 -1.48819393691463 608.010610811063 600
-0.176 0.0219372097434018 -0.0364308727767221 -1.22337000868201 592.582582186508 600
-0.177 0.144781645998032 0.198709632140109 -0.558119540843455 623.745882925984 600
-0.178 -0.096121325483601 0.292143078767617 -0.690208497321144 588.071523115686 600
-0.179 0.116969324644371 0.0191895719176607 -0.553673898297517 575.191722617388 600
-0.18 -0.0645084240998772 -0.0831546908114587 -1.19156926881018 590.435396232677 600
-0.181 -0.0577195128579366 0.166128162069615 -1.00946469445412 583.0656840497 600
-0.182 -0.102004584622618 0.0811921425937503 -1.21797463104117 580.321805686432 600
-0.183 0.214741943922367 -0.102957539274502 -1.04156899498211 589.949608930278 600
-0.184 -0.0798091763142651 0.0552417679308312 -1.24177617566222 600.148144492485 600
-0.185 -0.155940202503415 -0.247198611927844 -0.864281482662649 616.172842041325 600
-0.186 0.110740944342748 -0.0776137812112149 -0.76915511628832 605.713179789919 600
-0.187 0.376800862793099 -0.00182304701073304 -0.841832917758101 609.524129355862 600
-0.188 -0.0311831677392384 0.264605313274689 -1.17788887551763 613.084583481989 600
-0.189 -0.111666101567654 -0.0815138415132832 -1.46480108784216 597.538576150166 600
-0.19 -0.185367869838247 -0.109751540309284 -1.35788112900738 612.300576738503 600
-0.191 0.107177356293403 -0.0353178107901018 -0.989952706678785 608.650084138754 600
-0.192 -0.0127390667379319 0.183371467292186 -0.85214291120701 616.646737754354 600
-0.193 0.176228628344901 -0.151398814258482 -0.509976210333569 613.493524351984 600
-0.194 -0.0620769602721855 -0.0474582146203018 -0.66237743272311 604.076959983372 600
-0.195 -0.125761843478151 0.29029797098983 -0.877829276381314 622.622394233449 600
-0.196 -0.201260355246099 0.0157879981777581 -1.10205635946885 605.339692136486 600
-0.197 -0.0822680085856887 -0.195428689522514 -1.47178149950284 606.000677648386 600
-0.198 -0.143677554989502 0.0542213048391394 -1.31291088469607 628.953249360145 600
-0.199 0.135145817950746 -0.0687841917140739 -1.08491162881782 614.763656883878 600
-0.2 0.146708592603702 -0.0712559916864008 -0.859232993316557 601.297715871749 600
-0.201 -0.0318219096173656 0.202523947722401 -0.4692774623178 611.446523989153 600
-0.202 -0.107236855956136 -0.174703572245012 -0.601228508516095 592.353988795257 600
-0.203 -0.0498024867718889 -0.0514120230937113 -1.07562042344247 623.407085094278 600
-0.204 -0.0758534668241481 0.0463282702040747 -1.07876544222001 608.78383435951 600
-0.205 -0.159010878246546 0.217143794247267 -1.17236906365926 621.525748671574 600
-0.206 0.0421934375306362 -0.212527513767451 -1.25232033252905 604.509695582413 600
-0.207 -0.0863517682700479 -0.0104585266159793 -1.02109959789622 586.818121929492 600
-0.208 0.0157374264756177 0.119552239796011 -0.536306508156072 611.81838188909 600
-0.209 0.29780673360398 0.060424712881754 -0.809116897504342 587.279569241699 600
-0.21 -0.145485039587795 -0.0760640315016073 -0.792722102070008 612.744926372325 600
-0.211 -0.141475505873294 -0.146979465162232 -1.12266913549222 592.054938397253 600
-0.212 0.0792365059912903 -0.049652597115162 -1.1546359539897 621.233900417115 600
-0.213 -0.243337938114936 0.147927915656544 -0.951195750143355 608.850597955386 600
-0.214 0.0583206106831424 0.15669556575835 -0.88626613592199 608.895041943991 600
-0.215 0.0266464580363709 -0.299889597893645 -0.837993968501928 575.743320759787 600
-0.216 0.0358073298151276 0.0065780213070492 -0.5263111054677 590.402998981307 600
-0.217 0.170603999750488 0.253855487945052 -0.492153744555715 608.070981653534 600
-0.218 0.235737455299959 0.0501514299431793 -0.889647691118892 593.611704206492 600
-0.219 0.022339672666723 -0.119403563335841 -1.02270585976067 604.674199238548 600
-0.22 -0.145848310485682 -0.238119149599642 -1.29918605092525 624.632751662514 600
-0.221 -0.126767164218776 0.0233512642596204 -1.55252257539587 620.99021440521 600
-0.222 -0.324873731600282 -0.0522624808275728 -0.671099506240305 581.280402093629 600
-0.223 0.128773826779157 0.0366038376170561 -0.687723789762312 620.012922242535 600
-0.224 0.319584879563609 0.286509057320583 -0.60751227545104 601.48625620363 600
-0.225 0.0431343528563421 0.0761279744882502 -0.419019456430102 616.179764804585 600
-0.226 0.176120637819891 -0.069705582097291 -0.538327155207093 614.45346592871 600
-0.227 -0.0881179518398014 0.0528975316720938 -1.20047811085392 588.996207639632 600
-0.228 -0.40846121455712 -0.150629112062682 -1.19062940691637 616.255002517773 600
-0.229 -0.0434530869237996 0.176708669857836 -0.956790509505116 579.811092612015 600
-0.23 0.0280272011021773 0.13886361703514 -0.913517134867301 584.73333138386 600
-0.231 -0.0502920020645717 -0.175314104298856 -0.659792541940275 604.838727453934 600
-0.232 0.283507839253309 0.100597340321085 -0.743361482436144 570.638786595908 600
-0.233 -0.0616706922924527 0.0560665550343775 -0.409788982439788 613.965763786033 600
-0.234 0.311077395941389 -0.0308038689529613 -0.642230968983401 593.775058659503 600
-0.235 0.033378674748595 0.253951596584228 -1.06167362389814 577.572131175542 600
-0.236 -0.17639059749217 -0.244409806478629 -0.883098774688891 601.964227621862 600
-0.237 -0.0160524142058239 0.0425298701158447 -0.738501472824023 597.593381721063 600
-0.238 -0.0140102399634402 0.143958388160723 -0.803729743501757 598.328953074383 600
-0.239 0.191818126410163 0.065190728753505 -0.361724546922353 619.421396279089 600
-0.24 0.145931838772163 -0.0926445876202384 -0.768626356394085 605.040294487711 600
-0.241 0.0680846738655713 0.0436146854043389 -0.592395826588042 620.270761682471 600
-0.242 -0.0886528371735631 -0.0773616558595673 -0.891646481393786 602.412558860078 600
-0.243 0.00509130831949797 0.021228385877592 -1.11374501328433 605.398427359992 600
-0.244 -0.136565211906789 -0.10284774339396 -0.883907353580408 626.257558230081 600
-0.245 0.0422792715930844 -0.0438125850498535 -0.854378696085782 595.964080032484 600
-0.246 0.0867326938676127 0.168486398480473 -0.745958556360126 601.625654873752 600
-0.247 0.242033809574071 -0.0627750450903938 -0.541618162047913 591.134136514531 600
-0.248 0.169759144021205 0.0896175183771573 -0.804496896582478 602.480855120981 600
-0.249 -0.118602391367559 0.0867296578791952 -0.632313281930526 599.745109281065 600
-0.25 -0.0231046081118965 -0.428905317565585 -0.800993827040725 597.22484441637 600
-0.251 -0.236998878687385 0.187929128408531 -1.1187961563178 579.030080677225 600
-0.252 -0.120646128791398 -0.0996280646150371 -1.04370422780274 601.944339947664 600
-0.253 0.0126438318287387 0.167574321520654 -0.7011834793215 605.351071193857 600
-0.254 0.0466079620815375 -0.0448225566486492 -0.841492953092479 604.773725668799 600
-0.255 0.0610499539128685 -0.144428458920986 -0.344537578518497 615.322347828574 600
-0.256 0.113517805826644 0.072665724647315 -0.698423891331323 599.781891716505 600
-0.257 0.236444811974761 0.195770283377585 -0.698931952052141 596.476539830716 600
-0.258 0.084850402286543 0.028833629682481 -0.830129704397906 599.436718876641 600
-0.259 -0.233494241954156 0.0876637559040841 -0.895305751075288 606.223654307623 600
-0.26 -0.0857445991306636 -0.0294730382855525 -1.10248145394275 609.513621654951 600
-0.261 0.00548151021940145 0.0227179945144155 -0.473153277117453 611.322542160406 600
-0.262 0.241902331336409 0.168479686728376 -0.482853485817873 577.510478717516 600
-0.263 0.11746902694399 0.0607082975086209 -0.654378851725304 615.091089518009 600
-0.264 -0.149311384865019 -0.127345024667349 -0.89153916590854 585.277034204329 600
-0.265 0.0680028661399075 -0.0286591984004814 -0.498779738992726 594.767620883459 600
-0.266 0.154244793614057 0.0603585552232131 -0.614053769583262 598.863727538372 600
-0.267 0.117402020366461 0.0282383370741042 -0.924379171550171 591.226972851537 600
-0.268 -0.127500916735218 -0.101492097951944 -0.796249249072577 610.658151016465 600
-0.269 0.146057500136799 -0.157611980338767 -0.448948097771068 580.870089477726 600
-0.27 0.00200204025739041 0.35112733921728 -0.527744074539358 621.381369449466 600
-0.271 0.0408008784910739 0.254671621063844 -0.256562845536562 607.63820361995 600
-0.272 0.0841095456233158 -0.234635891586466 -0.977144200836444 602.709583357078 600
-0.273 -0.288340365961824 -0.0911925459528081 -0.865086675668216 606.573489800869 600
-0.274 -0.231316347902066 0.182942147537678 -0.525490767823359 593.533364823005 600
-0.275 0.199813242939047 0.0286401810691062 -0.67047986720001 598.361029686038 600
-0.276 -0.057563803369142 -0.0767907540292392 -0.734601378217169 620.415218492287 600
-0.277 0.00516315860452733 -0.0360798520255246 -0.741017281354913 626.034138558415 600
-0.278 0.174071378646757 0.0971992133618087 -0.513365836841864 612.464938850824 600
-0.279 0.174243648362225 -0.00161676954321201 -0.283581943612683 620.330321349326 600
-0.28 0.074678728591964 0.214057389910389 -0.634259642362775 580.292119913917 600
-0.281 -0.366134033896765 -0.0940236820599935 -0.783826075677192 596.532112554088 600
-0.282 0.00351828086358982 -0.0615478662317875 -0.749570243586191 579.897397047969 600
-0.283 0.215546101526857 0.060950395901061 -0.857948170932141 596.256289612032 600
-0.284 0.00787110566222072 0.163049954981713 -0.395323605164649 582.958011765158 600
-0.285 0.0745574776733579 -0.169308510626447 -0.600610823752236 586.881312084042 600
-0.286 0.196622217351858 0.0578954108790439 -0.677765101541635 576.515969098078 600
-0.287 -0.0263656335275072 0.311719500002827 -0.271354744291614 600.940183299317 600
-0.288 -0.00667664512709912 -0.130803541854443 -0.679048593336634 613.237883958122 600
-0.289 0.0175594106717639 0.0342588485859971 -0.925235605443139 609.522513266516 600
-0.29 -0.27583416582072 -0.149507020376197 -0.524337371183602 596.154256531621 600
-0.291 0.2535489602098 -0.0616318511281388 -0.634215782546469 606.952932563707 600
-0.292 -0.0709326123859371 0.261956798854315 -0.628541267989941 579.564966043966 600
-0.293 -0.0449046257143206 0.0573162115514609 -0.475343202468327 587.532746536011 600
-0.294 0.00315842280387308 -0.2086253511205 -0.632026071068621 579.342292498584 600
-0.295 -0.100093592787268 -0.00831517245832293 -0.802191365731721 589.879757619552 600
-0.296 -0.344791780531739 0.172389985217575 -0.638633618418655 603.632249816591 600
-0.297 -0.00816692549202608 0.0549868420417209 -0.52245385218182 591.695322963748 600
-0.298 0.240265507934744 -0.392084926285583 -0.754923505149726 612.947266245408 600
-0.299 -0.0628526319941492 -0.00676533560509546 -0.562334296312964 611.744873536276 600
-0.3 0.0150459308505334 -0.00273995358261698 -0.485738871545353 591.210679902738 600
-0.301 0.0408520655146233 0.0329584966085336 -0.681803014295019 618.986408450064 600
-0.302 -0.164035764754281 -0.133523073229878 -0.766318170944898 588.432365868372 600
-0.303 0.0759507500497365 -0.0308099473468838 -0.60696295237257 593.882115761134 600
-0.304 0.281538988962623 0.0469079037474025 -0.584767252059065 587.066765574464 600
-0.305 -0.308514960252122 0.128190124699461 -0.513453261449139 616.954084912335 600
-0.306 -0.243563355206451 -0.134618913217768 -0.641545315277842 580.538524102903 600
-0.307 0.0782857757042169 0.0696486408392555 -0.748530081235001 586.507954304578 600
-0.308 0.0623165930429035 -0.0424037472369162 -0.204660219391217 605.638310597864 600
-0.309 0.0704618089189006 0.327360705031092 -0.654013639422629 584.98245688375 600
-0.31 -0.195601750385223 -0.159830255369788 -0.749777522323985 610.611702072749 600
-0.311 0.0917716157742397 -0.102140515102702 -0.447686351601098 581.23853600758 600
-0.312 0.0424912372555587 0.149783536428794 -0.533412358791545 578.960538334499 600
-0.313 -0.0539516769319156 0.359068678317759 -0.300108590326994 605.503916534194 600
-0.314 0.0142420880850469 -0.209230929596186 -0.377154480994869 600.769350553321 600
-0.315 -0.273258694123387 0.00820153199481768 -0.481793175477581 609.095016560869 600
-0.316 0.166147338726807 0.00373454560493638 -0.717790941167745 593.585523472303 600
-0.317 0.147656827376105 0.163808894263203 -0.534311801754548 581.011993157222 600
-0.318 0.16545720411917 -0.0871241311067111 -0.575759514504877 587.446866068929 600
-0.319 -0.0543911493402433 0.126358358954424 -0.51452266047063 621.270487962051 600
-0.32 -0.078842764776766 -0.121056226378428 -0.576492135191507 586.96163570981 600
-0.321 0.264197060449459 -0.188542402115678 -0.5672471764639 615.859118099901 600
-0.322 -0.0231793580267123 0.237319589541777 -0.228569472235251 579.918524876914 600
-0.323 0.138855290111587 -0.00149812475135735 -0.579606351968663 610.832079205764 600
-0.324 -0.060429822489349 -0.1419709461441 -0.917621864049429 610.816088470966 600
-0.325 -0.295184630904512 -0.0966641706392736 -0.48976588139625 582.930565773719 600
-0.326 0.0324000347533913 0.164970513377755 -0.534198604554742 609.630456396176 600
-0.327 -0.0216639889774022 -0.0205147598830483 -0.660586580609194 603.865256731058 600
-0.328 0.220240793525195 0.0425334388036256 -0.490515024132321 582.917091074823 600
-0.329 0.245501402405692 0.162477652337934 -0.530296152244345 604.245054404908 600
-0.33 0.00252079645546453 0.0783728502048379 -0.62224313003536 583.674561353524 600
-0.331 0.154140140302162 0.0147621432618296 -0.472059074376236 587.542458651077 600
-0.332 0.017591906645671 -0.0816523567001778 -0.529516464585877 596.25223127288 600
-0.333 -0.0944140705431818 -0.0775937817031238 -0.556307104329527 617.72182996611 600
-0.334 -0.136044825422429 0.0233656165908877 -0.753622920102385 595.201014893231 600
-0.335 0.0460355860435441 0.0381667586124124 -0.206023751867548 588.254067801991 600
-0.336 0.25532116523047 0.0370817128140622 -0.605863635269249 611.95232573278 600
-0.337 0.103418794856941 -1.28079294994938e-05 -0.761295245674834 609.415608004777 600
-0.338 -0.10989204223353 -0.216282309157798 -0.397976223468788 581.847480650958 600
-0.339 0.186752781565287 0.0335380439074088 -0.545085331027483 597.069851708202 600
-0.34 0.041467854560674 0.200777142046892 -0.596360103100704 619.369665598447 600
-0.341 0.0131474687496156 -0.121361769117799 -0.311213146209183 593.631849286189 600
-0.342 0.0369751563484366 0.0744538118438556 -0.737691635131004 614.332896434944 600
-0.343 0.0711396404069507 -0.0738941366691521 -0.582553941309035 613.954071637305 600
-0.344 0.103471651954497 0.163110855239751 -0.388512663990347 606.735722899306 600
-0.345 0.0211032569558473 0.0739454181066125 -0.420814953929833 588.1594390493 600
-0.346 -0.342249003107517 -0.265308868959349 -0.639919551361916 605.550957007309 600
-0.347 -0.11202998378774 0.035652087662948 -0.489293732750315 584.620813510273 600
-0.348 0.294917865785692 -0.0526948148509998 -0.433106819029451 580.990246693615 600
-0.349 0.00883298268364422 -0.15495091347842 -0.624950279855494 603.724362687906 600
-0.35 0.029388247194477 -0.0482224213557012 -0.627614229474459 621.709152932014 600
-0.351 0.00186733836423345 0.146002174107903 -0.455136016929847 592.041278476949 600
-0.352 0.227013676913109 0.148376086617879 -0.209930831344902 582.60910584983 600
-0.353 -0.134775550889137 0.195723368187893 -0.637782948454444 603.36877447267 600
-0.354 -0.0373063556476518 -0.30483846537867 -0.514159360985849 585.948346015315 600
-0.355 0.042562565290113 0.131577989688206 -0.520808863178096 578.12977072536 600
-0.356 0.334036200873896 -0.0250066027627673 -0.681665339034954 576.585663719796 600
-0.357 -0.363590493651649 0.241690385408616 -0.430687609747044 628.262822665626 600
-0.358 -0.000167644762397543 -0.107982257695302 -0.281636832707535 605.256160980437 600
-0.359 0.064421391192741 0.0289917000445988 -0.550748777253557 580.241214866273 600
-0.36 -0.0729823619839844 -0.107892178262221 -0.387668180775183 620.271478202789 600
-0.361 0.217523201408315 -0.0408201238036867 -0.640485720729365 628.366058407201 600
-0.362 0.01641112243436 0.0507921945764872 -0.603763481965643 602.891361604396 600
-0.363 -0.0978896209262284 0.0879314018850067 -0.434710242068664 610.163344880017 600
-0.364 0.199556105755064 -0.0903115990703195 -0.65242262131498 624.592299414806 600
-0.365 -0.205641609699536 -0.0371070678557562 -0.474086220023566 614.983200925964 600
-0.366 0.0315030568134657 0.0138381324028893 -0.340946199519381 619.246404308344 600
-0.367 0.340812758998392 0.024437731503687 -0.418937920247968 593.188731142984 600
-0.368 -0.0788361484223046 -0.0215664858602757 -0.381637018118053 594.15562953022 600
-0.369 0.0916168973910856 0.0662210389842907 -0.637950254188802 574.110090098285 600
-0.37 0.0382961025900602 -0.0832395885725908 -0.287979691886053 611.309353409853 600
-0.371 0.0865047680448851 0.180577532195625 -0.498728002619789 586.616927019548 600
-0.372 -0.0524229277441435 -0.0184014771856729 -0.553415488011114 593.715305087903 600
-0.373 0.047180234205203 -0.0340903873926828 -0.511492278607699 577.34691493668 600
-0.374 -0.0229366139488617 0.174217121229467 -0.517374884930281 588.015395913177 600
-0.375 0.265084689328673 -0.195102765280454 -0.307080589905369 591.435208807802 600
-0.376 -0.195399325623172 0.108398716095359 -0.641090083857488 618.018613877191 600
-0.377 0.347182774321099 -0.0601936983038595 -0.610650242957658 616.015146802799 600
-0.378 0.087977469922731 0.033951609081743 -0.455861162915811 596.146966308319 600
-0.379 -0.3482971579479 0.0312367268660836 -0.613451308547837 624.797441843368 600
-0.38 0.427009599139672 0.0905028632760032 -0.461465050763969 571.653334192875 600
-0.381 0.0995482321409846 -0.0837457700485311 -0.396402439352615 591.41588474894 600
-0.382 -0.444845539600998 -0.177043774454354 -0.673813253636381 585.26770496697 600
-0.383 -0.0856199600691007 0.103189081987589 -0.513354529436033 603.431469510878 600
-0.384 0.159156013356533 0.272062390432598 -0.37215438435951 613.199184323317 600
-0.385 0.0589798765262835 0.101219793430475 -0.546794009716244 578.632899964958 600
-0.386 -0.0945272572607515 -0.200900531434283 -0.471058459554976 611.170252181061 600
-0.387 0.0636858778586741 0.0536040785570826 -0.526665408037283 601.810381376061 600
-0.388 0.042611647765267 0.239455202313782 -0.228987935543206 599.414803708308 600
-0.389 -0.0800820920784732 -0.121061723104549 -0.534286102177496 614.750494558087 600
-0.39 -0.0723772998335823 0.126667452166253 -0.614522808556676 594.031434443115 600
-0.391 -0.0295053601987306 0.0926962589405792 -0.503895695735491 615.930505253484 600
-0.392 -0.0265826876563482 0.110611015951555 -0.53773454131362 600.575768354364 600
-0.393 0.0962080405888741 -0.31721318792009 -0.628171329390585 607.94113302757 600
-0.394 -0.432340666799543 -0.0665272988760487 -0.457727343854765 599.739252917662 600
-0.395 -0.0714424257997143 0.22152826394225 -0.334237558388739 622.816081635102 600
-0.396 0.399953419454517 0.134452379639721 -0.441527273587216 610.482251102465 600
-0.397 -0.0974855857498973 -0.132044521755979 -0.584433376745448 620.994765263472 600
-0.398 -0.409869691124399 -0.152083584518605 -0.613448320387279 611.847177789216 600
-0.399 0.187849406294966 0.217433462457725 -0.45682321578532 585.489041662293 600
-0.4 -0.0804090140314458 0.105233149872222 -0.168663343480385 585.408156633442 600
-0.401 -0.0174601953719536 -0.11834753101514 -0.634307402292863 581.914918515513 600
-0.402 -0.30876682165352 0.00379346638779383 -0.517745010205639 579.126111178335 600
-0.403 0.111007644358191 0.0335652408343632 -0.517461964363824 591.50015278743 600
-0.404 -0.0188259689945636 -0.0666949902404135 -0.461651404016151 602.421451911161 600
-0.405 -0.355938440561083 0.109044246714863 -0.367189337815624 603.450729204829 600
-0.406 0.0879257096044901 0.0306393120741554 -0.518012089742561 605.764073841343 600
-0.407 0.160178224942546 0.0984991565612877 -0.379448347533656 581.764273346757 600
-0.408 -0.100573327974072 0.0609467746503771 -0.663292376524407 600.206086736357 600
-0.409 0.132463655929715 -0.0567527685065296 -0.539988372870171 609.734817298935 600
-0.41 0.0122925161654099 0.0296148721821244 -0.413800934241563 599.28355423 600
-0.411 -0.198960434836223 -0.0812823222711316 -0.556173932163364 612.529151546864 600
-0.412 0.0945406603291565 -0.113507274018289 -0.434527789265803 614.420355459437 600
-0.413 0.180802835036237 0.272859972205213 -0.228854602181847 626.252185066826 600
-0.414 0.0651200066029933 0.0155471058119613 -0.523297211433431 605.653425820787 600
-0.415 0.0973748144285512 -0.128203924551991 -0.505011802311117 576.976671428708 600
-0.416 -0.0581053208316573 0.0247363444674871 -0.175371972925702 622.816902924037 600
-0.417 0.0130637475187278 0.153674238532157 -0.590418457539338 609.886069075866 600
-0.418 -0.170093079269241 -0.0810153215180401 -0.553081393579741 597.815434282288 600
-0.419 -0.149624456010848 -0.186433402447469 -0.603576625888931 610.162418399964 600
-0.42 0.113659457237326 0.180237123477709 -0.436445519091805 598.855245522267 600
-0.421 0.0578939486050309 0.339950271385973 -0.365416568507698 603.627725708953 600
-0.422 0.0836145561672901 -0.0693049325569218 -0.605522457250137 617.567550762252 600
-0.423 0.224068155102466 -0.177873500662854 -0.398884693368515 579.294167146438 600
-0.424 0.245428983893419 0.146922977363212 -0.337602918082666 605.790697000934 600
-0.425 0.0521257204867623 0.105554105962732 -0.611273390721045 609.54061853813 600
-0.426 -0.30491000025946 -0.296514223995648 -0.620474610910718 619.995541689137 600
-0.427 0.0109031705242869 -0.0206247168032982 -0.321551683459358 622.704103034029 600
-0.428 -0.0972662728316607 0.14510958669346 -0.601094041196198 606.905886777402 600
-0.429 -0.267978079427465 -0.0455755314860023 -0.421591427774519 624.864047251733 600
-0.43 0.0853462752230835 -0.265928039146685 -0.505481986473162 592.649831048658 600
-0.431 0.122971085025396 0.0460266520495311 -0.343991070930095 590.555512659835 600
-0.432 -0.0307300215748116 0.238282000800203 -0.300216616962075 625.219879561687 600
-0.433 -0.251173164812084 -0.0606093940684299 -0.583962012705462 604.620912851617 600
-0.434 0.0577535250093265 0.0184345475914753 -0.612047251443815 590.913202202674 600
-0.435 0.0967355303205241 0.0770478312829991 -0.474364689410557 578.037071161683 600
-0.436 -0.0385333935071577 -0.0786022069350319 -0.142119545100496 592.926954558192 600
-0.437 0.274868276995139 0.298306496648196 -0.366139679879494 596.009605352712 600
-0.438 0.268445837691789 0.0439387007515902 -0.414353857917384 608.450134148568 600
-0.439 -0.282522456376476 -0.162699060182067 -0.482689507662586 585.127772039129 600
-0.44 0.149930900710065 0.0408264751004377 -0.433260154756135 625.491878490345 600
-0.441 0.0952396004737945 0.0537986563195786 -0.204865588915412 601.171694188551 600
-0.442 -0.110000354615877 -0.0439679520684652 -0.544350505217625 617.913919646622 600
-0.443 -0.175687816065504 -0.0106413991444688 -0.561184003561183 623.133059627707 600
-0.444 0.235581586433969 -0.0432444641691683 -0.497263684172991 625.820612311531 600
-0.445 0.0531376956410135 0.109104543661646 -0.14875136366487 606.821280572573 600
-0.446 -0.149173264681289 0.226191190442197 -0.380665173625286 606.617038238886 600
-0.447 0.0294737523809656 -0.0201828786869647 -0.660969509551608 576.046259572364 600
-0.448 -0.153683271822835 -0.12302187028713 -0.566563639390043 589.668030454693 600
-0.449 0.0726192944260086 -0.0235205362115845 -0.530142408912754 582.666262087018 600
-0.45 -0.0925943651183651 -0.0138650260100548 -0.440121451292793 598.814289818251 600
-0.451 0.0943762759342361 -0.0219849168996544 -0.33190375910739 602.801028788411 600
-0.452 0.0996845645852898 0.136448534466524 -0.46294339202127 588.685947793281 600
-0.453 -0.0752587466606624 0.00274905814549194 -0.333691347870216 630.332528282442 600
-0.454 -0.182518192102364 -0.0128532356230237 -0.353475414756091 617.663301178205 600
-0.455 -0.325554880726552 0.0647924704365887 -0.529803641847873 583.702765200559 600
-0.456 -0.0144541390843404 0.0421040353618471 -0.308984694345194 609.479858045119 600
-0.457 -0.119395651834144 -0.165839108722387 -0.54051563486216 596.916149195796 600
-0.458 -0.134434586422836 0.0693994002344024 -0.388699405533124 588.962992645932 600
-0.459 0.36224271621074 0.0763004699748729 -0.288180404009758 612.202352111553 600
-0.46 0.210314853667886 0.081417132099779 -0.414754921315027 598.308638341336 600
-0.461 -0.130164186321555 -0.149619954225961 -0.444908905750324 602.864543333707 600
-0.462 -0.194146377173802 0.0810193911104613 -0.604742728005911 597.34972587917 600
-0.463 -0.00506489184979864 0.0307458934326501 -0.460329969115222 603.151644743652 600
-0.464 0.142372290671922 -0.234143951132238 -0.37460413478701 599.462195992029 600
-0.465 -0.0823087988800969 0.0670768022320607 -0.485823583994458 593.668138532001 600
-0.466 -0.185149640500708 0.0224052777965239 -0.608121725496578 592.862517048653 600
-0.467 0.0543114537909415 -0.127343837987492 -0.189618809413673 597.813278059276 600
-0.468 -0.0971783058346214 0.105503538318166 -0.320121185785389 599.503132711653 600
-0.469 -0.13544861999997 -0.168487253121981 -0.448899381130616 612.145361354189 600
-0.47 -0.163887686325298 0.0155123405726349 -0.488156599174354 610.853381098162 600
-0.471 0.114446455989009 0.110853423145863 -0.531929327756554 609.149492439384 600
-0.472 -0.0103787343625201 -0.312404072563744 -0.404587472771545 594.366835795214 600
-0.473 -0.0465187142094977 0.133187255604671 -0.471532601781043 594.84374145758 600
-0.474 0.115463091438963 -0.136190365709795 -0.619275788087667 615.530504726187 600
-0.475 -0.0287891509052575 -0.126599114957442 -0.435951833426039 615.62864284229 600
-0.476 -0.115874755092906 -0.0934637120056796 -0.146336596416681 615.903214813878 600
-0.477 0.424947850158174 0.157375384125375 -0.499076208262598 606.327173390739 600
-0.478 0.0748449488437894 -0.00937654261968697 -0.573337970364311 587.147076168935 600
-0.479 -0.164659456415381 -0.108031875977995 -0.469413909328303 627.141075826335 600
-0.48 0.208687504567151 0.0336634019619534 -0.697996607545555 589.813655827296 600
-0.481 -0.17081674485456 -0.0431497540495685 -0.366517192922847 602.389291715092 600
-0.482 -0.0122003155751993 -0.192504783165732 -0.597095115739273 572.170410968516 600
-0.483 0.0540849574503519 0.128546087241594 -0.500128855685612 592.611129449753 600
-0.484 -0.202716547178017 -0.0575747603012517 -0.322228219759818 583.828861952977 600
-0.485 -0.101547660234254 0.0417123384300137 -0.563314942931799 584.544707898329 600
-0.486 0.115859752686854 -0.014666513702166 -0.550125659631754 620.131382877516 600
-0.487 -0.00524480641360955 0.0255534881054533 -0.302271566461335 593.578570052376 600
-0.488 0.182936576209368 0.0293819393567631 -0.67370596650512 604.599545863561 600
-0.489 0.122833386897072 -0.0849215870396412 -0.274363824972367 625.071939151079 600
-0.49 -0.128167267443325 -0.0819491844395705 -0.289064937156226 614.930092762003 600
-0.491 0.0808030108800865 -0.0864709025599607 -0.81527444734798 609.118186854222 600
-0.492 0.0518940747488199 -0.0857063386225171 -0.288609119069458 597.175705671702 600
-0.493 -0.421204726356642 -0.158296495104429 -0.217651038217575 580.620501537949 600
-0.494 0.0291067498649711 0.22577840945744 -0.553766675430017 612.339369438227 600
-0.495 -0.11794182830796 -0.0094074905300324 -0.760496693479429 601.269891943188 600
-0.496 -0.0828761922847575 -0.084819360745384 -0.378057988981645 596.011050329804 600
-0.497 0.0853210984658772 0.138658855455858 -0.533275944392485 603.462082472779 600
-0.498 0.0728115891024686 0.265850007515939 -0.538031182501647 584.149521960114 600
-0.499 0.132997363025505 -0.0243067549714843 -0.399980501345017 617.589679937867 600
-0.5 -0.0845089035481953 -0.155224562066119 -0.598449671193783 616.235838698727 600
