# Fix print output for fix def1
-0.000999999999999843 -1.14027357075471 -0.28617892917828 -25.5000429853122 2437.00619842558 2400
-0.00200000000000004 12.64806999876 13.853938124965 -29.4627035103195 2438.7419304181 2400
-0.00299999999999988 -5.58777055152475 -5.01939046832856 -26.4733380372594 2380.08421453846 2400
-0.00400000000000007 -5.78811822972315 -6.98243039258623 -27.5795712631437 2468.97889111586 2400
-0.00499999999999992 7.40384522555157 7.14553060947386 -28.8908631528742 2452.14534613605 2400
-0.00600000000000011 1.2366690484266 2.05680891064965 -31.151060745833 2361.82018588941 2400
-0.00699999999999996 -6.82506041746317 -5.63483785908369 -30.2283772140047 2492.04355667445 2400
-0.00800000000000015 0.547514107282572 0.419489592025569 -31.5302278959583 2438.45389828776 2400
-0.00899999999999999 4.41252266187501 3.86255056909282 -34.6207439482176 2454.00259053229 2400
-0.01 -1.96067597361121 -2.06443770682364 -33.0308137981165 2405.84488250879 2400
-0.011 -2.24540862749348 -2.57435334663504 -31.3637110221408 2411.94485926246 2400
-0.0119999999999999 1.51403602042626 1.25827733444727 -28.1600379342157 2410.17583014042 2400
-0.0130000000000001 -0.523779898647004 -0.0934242688909892 -27.7799954773521 2380.86342126656 2400
-0.0139999999999999 -1.80424279984744 -1.7226481669191 -20.3133684337118 2435.33890549564 2400
-0.0150000000000001 1.64275882531455 0.868015228022511 -18.8543646063147 2403.06650288397 2400
-0.0159999999999999 1.52881148245616 1.06377546588312 -16.1092123141713 2420.24750582528 2400
-0.0170000000000001 -1.62373795115856 -1.27092176479189 -18.0992606798445 2469.86207988066 2400
-0.018 -1.00559503170139 0.242754068628811 -16.8345602362838 2483.34900190981 2400
-0.019 1.27122270841745 0.439507548457555 -17.9044637268096 2383.92808481261 2400
-0.02 1.62065765112749 -1.52117652256401 -16.6073230940816 2407.34234315513 2400
-0.0209999999999999 -0.692295143882498 0.0394734341032378 -15.0287834600714 2377.66201351457 2400
-0.0220000000000001 0.243362727281637 -0.832514171298563 -11.5803827031106 2329.81516149149 2400
-0.0229999999999999 0.419625884513052 0.838256810872603 -10.7646027260086 2378.04378797862 2400
-0.0240000000000001 1.31765656938199 -0.418729841385902 -7.36284170934697 2406.66298900341 2400
-0.0249999999999999 -0.262934213183786 0.00235877910868947 -3.56268496929423 2336.20396499089 2400
-0.0260000000000001 -0.52116459531484 0.0136746110628344 -2.70805569045172 2302.50688235127 2400
-0.027 0.25012280558899 -0.750654830976718 -1.39366217064497 2461.21032881199 2400
-0.0280000000000002 -0.117692697622771 0.643076042959968 -0.806987988632471 2349.72549034848 2400
-0.029 0.486101306870042 1.74417215437584 -2.23576908151935 2348.66282576279 2400
-0.0299999999999999 -0.218290204846742 -1.12038502505285 -2.10916214862107 2319.83147074886 2400
-0.0310000000000001 0.29368908547332 0.454662626020668 -5.22284667305935 2457.25360730171 2400
-0.0319999999999999 1.1812945636974 0.0474229302090452 -5.52082309532221 2417.55422902724 2400
-0.0330000000000001 -0.769779052614551 -0.502780048377188 -5.72350275357236 2441.60045310308 2400
-0.0339999999999999 -1.3690865884453 -0.396912281574068 -7.47801614977554 2384.89684455232 2400
-0.0350000000000001 0.806559569974726 -0.227653752328785 -6.97655550430764 2361.47203127763 2400
-0.036 1.84938419250861 -0.416598928538371 -7.44639151184396 2406.35896865757 2400
-0.0370000000000002 -1.6323341942179 -0.193616240443265 -6.42007655986657 2425.8796166524 2400
-0.038 0.845055319946429 0.30469880918545 -7.02721909328337 2417.16944502891 2400
-0.0389999999999998 0.939937945372156 0.55020432863295 -6.05697347170243 2472.44500061103 2400
-0.04 -0.318621151979542 -1.03929978842669 -5.06269036890104 2479.51471822955 2400
-0.0409999999999999 -1.05781611224065 0.271301997253556 -6.97816623192521 2454.66615581322 2400
-0.0420000000000001 0.408469952494335 -0.143154046599326 -4.66619411037758 2458.6521018393 2400
-0.0429999999999999 1.08092061692954 0.0907285572628081 -3.24592377040869 2411.14076975426 2400
-0.0440000000000001 -0.519310768128012 0.271106617483186 -3.13899915731676 2329.94336688256 2400
-0.045 -0.17567755868641 0.132990898014841 -2.8267996724478 2419.63357716111 2400
-0.0460000000000002 0.935019091043951 0.593408907940627 -2.405196851661 2403.71593051763 2400
-0.047 0.0988828369686184 0.229373435697646 -2.56904508754968 2378.27258695938 2400
-0.0479999999999998 -0.675150345289374 -0.53497845439521 -2.25164347600143 2484.65408863387 2400
-0.049 0.132478494347069 0.711937295454684 -1.90568312801848 2486.66606344095 2400
-0.0499999999999999 0.275662803722354 -0.00525309133198913 -2.97298727374332 2315.35714187531 2400
-0.0510000000000001 -0.409875642360061 0.0916272183168916 -3.52293794273113 2319.64137241137 2400
-0.0519999999999999 0.503771343398513 0.695561275914365 -5.65207097000563 2368.84648474307 2400
-0.0530000000000001 0.462639313225884 0.301916244914148 -5.58011220643725 2465.10030494305 2400
-0.054 -0.18111867313683 -0.788375671341301 -5.43855285760248 2395.48296743609 2400
-0.0550000000000001 -0.0914429236318798 0.282734492721929 -5.57310600743856 2331.46703935498 2400
-0.056 0.537769942922858 0.0713562907752742 -4.54459584092893 2442.88946865834 2400
-0.0570000000000002 -0.689031682197991 0.544551325391758 -4.18318692180419 2354.11267410846 2400
-0.058 -0.597120808968578 -0.588515955891523 -2.23958102368919 2402.28773439015 2400
-0.0589999999999999 1.02329485743811 0.00114026766367108 -1.59160620318301 2466.72144598789 2400
-0.0600000000000001 0.782369529408295 0.939403700548806 -1.53045107261473 2461.24561941506 2400
-0.0609999999999999 -0.766979444521441 -0.444871556917924 -1.09157138702558 2360.63728929164 2400
-0.0620000000000001 -0.247953972690547 0.471753429575033 -1.99763610130527 2455.24978020231 2400
-0.0629999999999999 0.762279456461104 -0.443463136475303 -1.63549692160591 2492.26424725893 2400
-0.0640000000000001 -0.318896638708199 0.166078099049818 -2.758826758639 2372.2781834173 2400
-0.065 -0.158562823610917 -0.463377691004307 -2.73672352766936 2397.86265295165 2400
-0.0660000000000002 0.183790323476807 -0.216436239716904 -3.19900293738975 2529.65017949946 2400
-0.067 0.371217321126277 0.80962170476725 -3.81055344792028 2355.69718917085 2400
-0.0679999999999999 -0.199644464524187 -0.138373423153016 -3.80842432052976 2344.61402011719 2400
-0.0690000000000001 -0.486814212644794 -0.311772584810064 -3.3605740111131 2347.24983013396 2400
-0.0699999999999999 -0.313405720293454 0.449301041592927 -3.3221486221431 2367.17878764639 2400
-0.0710000000000001 0.350978569581675 -0.39103842455448 -3.00176780084317 2477.29380671256 2400
-0.0719999999999999 -0.528470051800421 0.481360685271899 -2.19569110779376 2310.18740024882 2400
-0.0730000000000001 0.104320828328722 -0.0803331259783737 -1.95356318959536 2415.81646844721 2400
-0.074 -0.0527612078144347 -0.08764736428343 -2.23374036596198 2358.76950606132 2400
-0.0750000000000002 0.207118700913879 0.433005092475001 -2.06508111505638 2404.84152888966 2400
-0.076 0.203126641733018 -0.515034766981579 -1.92332326774252 2406.1479581638 2400
-0.0769999999999998 -0.773970365464401 -0.00539956205005674 -2.0151664247184 2479.52306196941 2400
-0.078 -0.395180983491135 0.458721473349518 -1.73517547623053 2457.67556349979 2400
-0.0789999999999999 1.36106299796183 -0.358332726702678 -1.55625263356363 2325.94766474036 2400
-0.0800000000000001 -0.377912411008906 0.154431412765693 -2.28106550728459 2293.99866647607 2400
-0.0809999999999999 -0.383503396224138 0.0537824914120761 -2.2769413372671 2374.94213028304 2400
-0.0820000000000001 0.315729162635638 0.136893888930911 -2.40185059174797 2454.76493154749 2400
-0.083 0.75586888635146 0.161004060556095 -3.00525027690663 2319.70301291815 2400
-0.0840000000000002 -0.644659055176673 -0.701223082808614 -3.56134560730314 2487.30561315828 2400
-0.085 0.205746774198323 0.312020047701058 -3.18144769327814 2356.51440077677 2400
-0.0859999999999998 0.357556280699599 0.425108151304657 -1.80791221714739 2452.96719846503 2400
-0.087 0.845545275699082 0.129640385899091 -1.69765466652123 2326.4276077273 2400
-0.0879999999999999 -0.623695759864554 0.512664722164041 -1.15452867620728 2268.1665428975 2400
-0.0890000000000001 0.220727803096607 -0.28508746376139 -1.17412561830812 2422.91326327155 2400
-0.0899999999999999 0.0211698318261767 0.729149387401812 -2.3533642644444 2394.65813218852 2400
-0.0910000000000001 0.376657927223163 -0.518541714740696 -1.35069979471967 2447.05332911548 2400
-0.092 -0.566636861391473 -0.0372771305540812 -1.27004028504106 2388.23194179736 2400
-0.0930000000000002 0.512985722327675 -0.3199287599495 -2.14370906251323 2489.83051065722 2400
-0.094 -0.290228351626112 0.192312025813938 -2.2404123415963 2429.63635119161 2400
-0.0949999999999998 0.347617547789037 -0.271293910128335 -2.17630363077952 2362.91008814901 2400
-0.096 -0.441581424405553 0.368735781742896 -2.31059983963969 2439.31200932444 2400
-0.0969999999999999 0.0693477411969023 0.0773947414366686 -2.61529060126366 2334.81193175377 2400
-0.0980000000000001 0.124926473577419 -0.14794126826306 -1.85860156825805 2431.4365030894 2400
-0.0989999999999999 -0.267864233874263 0.198253671932047 -1.61978604587727 2456.15287804563 2400
-0.1 -0.462014873802124 0.30937621735944 -1.54619153172333 2444.97255148398 2400
-0.101 0.601334261553241 0.00468556427982667 -1.73038285498841 2434.33898652718 2400
-0.102 -0.0405157445835319 0.114315660945821 -1.36805969699675 2458.1644376219 2400
-0.103 -0.185162028029524 -0.311965838005718 -0.943775082473083 2477.34934756873 2400
-0.104 -0.080600972575943 0.19158885358781 -1.66852192331212 2351.09815875308 2400
-0.105 0.164843950692811 0.138760879710873 -1.44372572634058 2385.95231651842 2400
-0.106 -0.624976556235578 -0.417838566613233 -2.31088253650589 2442.51038992933 2400
-0.107 0.0283229328466845 -0.144657951378524 -2.2310716613955 2316.17957259289 2400
-0.108 0.650679972985113 -0.398185422182852 -1.54817858485598 2353.58264407377 2400
-0.109 -0.463475865692855 0.507177494345961 -1.42249278252846 2453.38727094582 2400
-0.11 0.214467682336017 -0.723492812218166 -1.27896727147497 2361.2173763909 2400
-0.111 0.400227414620243 0.807353865921669 -1.57816130107 2375.27300765042 2400
-0.112 -0.430368646092196 -0.247421327057786 -1.58397991850459 2338.26842775873 2400
-0.113 -0.787654749001061 -0.289943978076836 -1.37558228088065 2376.3467499878 2400
-0.114 0.299216751375377 -0.0248776842281687 -2.0856727745958 2452.61440406019 2400
-0.115 0.219884921602516 0.174443505228387 -1.71566991411979 2378.61397502984 2400
-0.116 -0.494749988785875 -0.0204319505587222 -2.1398116145173 2421.31434711525 2400
-0.117 -0.23536686713862 -0.270858075402084 -1.26724182025671 2310.7420637194 2400
-0.118 0.252204495535411 -0.460088349367511 -1.41289758772679 2409.36171177021 2400
-0.119 0.156933287328728 0.577154458382787 -1.33108447103531 2344.09958062995 2400
-0.12 -0.156380013414577 0.176278276292413 -0.244279544768384 2455.2632331992 2400
-0.121 0.194781838761876 0.292843510305625 -1.42363380332931 2438.10072886391 2400
-0.122 -0.155055505466872 -0.115243705312589 -1.38464143979414 2530.80842984856 2400
-0.123 0.541519635025257 -0.275905188252388 -1.04536809602792 2443.68773138721 2400
-0.124 -0.426483152159108 0.37240874965715 -1.66197929175044 2456.30056914299 2400
-0.125 -0.240759609818163 -0.574031154619641 -0.901566281555412 2450.20418086768 2400
-0.126 -0.0421317686035941 0.58972993675947 -1.99405062545539 2460.04290586607 2400
-0.127 -0.512991841182334 -0.253024130197412 -1.38238643117011 2459.47335568137 2400
-0.128 -0.204881278272543 0.139996741011509 -1.68070530341893 2368.69739030362 2400
-0.129 0.862434006211842 0.13894057761129 -1.29915186477276 2319.94699683986 2400
-0.13 -0.298179230601536 -0.274898930352552 -0.991292408807727 2347.98744090737 2400
-0.131 -0.592399200499846 0.0628924451921511 -1.02690139080975 2454.00486162301 2400
-0.132 0.44280857729545 -0.164084128760764 -0.948234625560823 2447.43846325085 2400
-0.133 0.524547883483273 0.0647800597867505 -0.648121234101183 2364.88480811664 2400
-0.134 -0.422121760078897 -0.627533147316508 -0.934808323518989 2339.93025881573 2400
-0.135 -0.381383183408924 -0.191688230534767 -1.16393730563841 2353.0967130807 2400
-0.136 0.509112852320196 -0.0264889880550463 -1.66176371818308 2468.30817261567 2400
-0.137 0.400515270373736 -0.0888979264078233 -2.17308696468788 2374.11180531369 2400
-0.138 -0.114721445676908 0.267807779858629 -1.0844651780946 2414.39725996959 2400
-0.139 0.33126518382163 0.240194761474984 -1.07266201778078 2354.7705102168 2400
-0.14 -0.412524581732227 -0.409300474227426 -0.585475331203014 2396.6894242881 2400
-0.141 0.45272306179652 -0.0775055018631805 -0.510396148397605 2461.11099582138 2400
-0.142 0.137305304399021 0.662707630625039 -0.905875535305007 2410.40959669333 2400
-0.143 -0.213879465973508 -0.174076814568002 -0.446396120335412 2465.44521745613 2400
-0.144 0.016299303419107 -0.515427504503873 -1.39956229754585 2403.61457490583 2400
-0.145 -0.0849894511947731 0.16651032699376 -1.63537348512114 2335.50079230499 2400
-0.146 0.272198596520399 0.034417988196917 -1.36964845003664 2458.33231268968 2400
-0.147 0.0825402215043191 -0.561242710618153 -1.14421275985984 2414.52610361709 2400
-0.148 -0.47955908729243 0.111383189737817 -1.48737897892555 2377.65552048763 2400
-0.149 0.517326778503838 0.238271489091821 -0.873634387123303 2318.79397447607 2400
-0.15 -0.00221717685572388 0.0637256839061646 -0.645938652858536 2339.52444178774 2400
-0.151 -0.306542873100298 0.0540777445882105 -1.36256565063846 2329.03865866636 2400
-0.152 0.112569287217754 -0.329567352914523 -0.807818226170749 2476.15561777979 2400
-0.153 0.746930760102942 -0.0424759128803628 -1.3977647004241 2485.02136580968 2400
-0.154 -0.721462085319246 0.230533806388828 -1.32876722295985 2428.39529644243 2400
-0.155 -0.152085628114382 -0.172061577000712 -1.19789338083532 2395.84449628368 2400
-0.156 0.315806875748429 -0.14027938130222 -0.911032186651867 2403.61260443129 2400
-0.157 0.0750501469303694 0.02292074466354 -0.807681240922825 2335.69159726101 2400
-0.158 -1.03098573590809 0.360431266763237 -0.816744842350352 2454.6066578644 2400
-0.159 0.571064177281188 0.171488821332157 -1.1866386672998 2424.70715241758 2400
-0.16 -0.048395487747301 -0.286340648024695 -0.643609904816579 2479.91527930786 2400
-0.161 -0.157556382839766 0.169877592016813 -1.1350168511919 2267.2540596328 2400
-0.162 0.164392215434447 -0.119692892274065 -1.35798226569602 2360.76511856308 2400
-0.163 0.46873607226109 -0.350695139278818 -1.59383379437596 2436.58751435323 2400
-0.164 -0.560314409793827 -0.173663091031488 -0.509980032484667 2344.88046613471 2400
-0.165 0.309773468574929 -0.0161013783978911 -1.1740892843477 2408.94526412146 2400
-0.166 0.0190850741037237 0.520939438088284 -0.232165473597176 2385.83764870087 2400
-0.167 -0.213004939000092 0.113864999909973 -0.493835191357831 2402.33063434447 2400
-0.168 -0.128648701400471 0.172435685546462 -0.93206788669496 2450.24982495801 2400
-0.169 -0.130416673026064 -0.440497678166547 -1.16738614918118 2452.23197312634 2400
-0.17 0.615840414262916 0.366510974609486 -1.91621356085504 2309.85855735819 2400
-0.171 -0.412806729333353 0.00702861994502006 -1.21085721746129 2373.4630876647 2400
-0.172 -0.429071271797043 0.0302402578438519 -0.9821300598752 2331.53585784309 2400
-0.173 0.502077387870727 0.420125471924176 -0.591245751502941 2474.71304177417 2400
-0.174 -0.0846194214192883 -0.0412866092565716 -0.424465122148419 2300.36001077602 2400
-0.175 -0.687771659399925 0.160811508973879 -1.50590726200141 2430.91590249481 2400
-0.176 -0.208375184437197 0.0779855552763844 -1.15291873381999 2335.91847456015 2400
-0.177 0.402940196037441 0.0825376521589374 -1.19219907903978 2459.99067649925 2400
-0.178 -0.212621726773659 -0.576678692297807 -1.16452533623036 2415.11386669458 2400
-0.179 -0.628092753571906 0.114504392858757 -0.970617181980518 2522.18507449583 2400
-0.18 0.719580112956998 -0.239473052670218 -0.508738102189336 2407.92961342313 2400
-0.181 0.167999360254752 -0.0685633378480135 -0.460621530313863 2409.5666912452 2400
-0.182 -0.126878679096843 -0.0868491169819106 -0.397839787952463 2405.69466481903 2400
-0.183 -0.014065150895069 0.243814946617897 -0.936265513667681 2359.8834711418 2400
-0.184 -0.439580663067381 0.149900849572648 -0.502085728031687 2369.27183669882 2400
-0.185 -0.0279613583896134 0.228435316508304 -1.75672335932922 2316.91970817414 2400
-0.186 0.0778393478754599 -0.180877114630301 -2.0460087913606 2355.39355928383 2400
-0.187 -0.11960295030533 -0.14126083696446 -0.650491475483609 2367.97951562253 2400
-0.188 0.116401431652762 0.542895784970946 -0.843167723144846 2340.15905802265 2400
-0.189 0.227509944038365 -0.124573041764572 -0.475068665094653 2407.3986741186 2400
-0.19 -0.0782471250187767 0.232473792005755 -0.672926509432868 2311.35349513008 2400
-0.191 0.265648628698786 0.0842921426404446 -0.535290148767572 2355.60764086854 2400
-0.192 0.0533298475990559 0.137558401456265 -1.37144064368211 2299.29818052718 2400
-0.193 0.187813578053563 -0.319851822776558 -0.714493478633936 2363.46038086905 2400
-0.194 -0.210244992022622 0.214999065649316 -0.85423489561541 2324.36121010292 2400
-0.195 -0.201470802030571 -0.141126791389872 -1.25596060402663 2319.89050496803 2400
-0.196 0.449953389581144 -0.219461806847819 -0.68144070255942 2456.51159497754 2400
-0.197 -0.117141033976381 0.366305976213244 -0.55686716056104 2449.90701048877 2400
-0.198 0.0360521479486507 -0.827945834730421 -0.809066822239799 2344.51252934034 2400
-0.199 0.10468273942854 0.00882730314667565 -1.46114613795889 2496.36293351924 2400
-0.2 -0.057958998422072 -0.325490856558541 -0.779555768410825 2480.36827458515 2400
-0.201 -0.181596626593614 0.722324785736053 -0.748643047929541 2441.16587544447 2400
-0.202 0.102860843552217 -0.197107741694401 -0.912313285684688 2448.90550805645 2400
-0.203 -0.104525760861888 -0.332715213667087 -0.965428391676532 2466.17542477968 2400
-0.204 -0.015937356830166 0.769865894064561 -0.218755296012276 2409.06164220824 2400
-0.205 0.240970614020467 0.204189941302904 -0.152826846942739 2389.34922186963 2400
-0.206 0.281662011801879 -0.400598190900424 -1.24034879136542 2472.3307408491 2400
-0.207 -0.326050815418314 -0.171033940642007 -1.18189979120803 2401.15951413689 2400
-0.208 0.106498944210948 0.453756175361379 -0.0448101856201146 2333.38075746365 2400
-0.209 0.103335688680005 -0.0711693399404716 -1.06797046085626 2410.31905850183 2400
-0.21 0.216043009044804 -0.46658358316008 -0.855188147510163 2440.90162241462 2400
-0.211 0.260332202127081 -0.00522485139768135 -0.392871630938169 2437.34784585444 2400
-0.212 0.0228813016383196 0.423488397475411 -0.124490979032113 2486.74587637362 2400
-0.213 0.0563765719414258 -0.579718153381422 -0.889381166378282 2505.9618762251 2400
-0.214 0.0144057630404515 -0.048390069541887 -1.07639532142576 2455.75415203532 2400
-0.215 0.348309967134386 -0.768146641457122 -0.639617080515903 2431.9527034823 2400
-0.216 -0.589966786705667 -0.0487376988682587 -1.29388909709916 2501.10091580698 2400
-0.217 0.240966248456533 -0.354037300443922 -0.591417764668817 2440.76862563336 2400
-0.218 0.447811411354178 0.445587501239244 -0.599362846304652 2424.03050741093 2400
-0.219 0.00731480183031533 0.355179875878436 -0.12150653910001 2521.72323337714 2400
-0.22 0.0114912340087436 -0.455770276275491 -0.978814009074353 2379.91288994847 2400
-0.221 -0.327660336210467 -0.0329602463745209 -1.09886266315224 2471.19986788911 2400
-0.222 0.333359784259586 -0.459530342844469 0.00959060789890388 2438.9420337164 2400
-0.223 -0.316589643973772 0.402560173284244 -1.27176344904283 2310.90279772437 2400
-0.224 -0.0495189323762356 0.0335917659568772 -0.483093072039534 2417.7954063902 2400
-0.225 0.36777540684404 -0.123350690962387 -0.573586382694737 2494.43520505927 2400
-0.226 -0.146881881761528 0.396246177477962 -0.351046821435852 2352.66073702336 2400
-0.227 -0.0798359639461427 -0.327272764396748 -0.714402896534709 2449.86693053514 2400
-0.228 -0.174210449633313 -0.183139078348868 -1.11417985724964 2451.33917016362 2400
-0.229 0.633319273182264 -0.274169410093779 -0.540457874127972 2342.90406957011 2400
-0.23 0.175657723119494 0.386304246588329 -1.04139893909255 2478.28611038689 2400
-0.231 -0.240578823412315 -0.358198880645705 -0.79610028564717 2426.09007694307 2400
-0.232 0.143100036079677 0.0246248948565619 -0.464646650422359 2381.0812076186 2400
-0.233 0.212250732194524 0.196200319395886 -0.278811826822729 2478.65610438148 2400
-0.234 0.0256215502311715 -0.128425634290757 -0.760612151115618 2359.82994176543 2400
-0.235 -0.598471683888755 0.14584979798528 -0.750277056209615 2364.94979594165 2400
-0.236 0.503549640324296 0.0322169618019654 -0.493105630041689 2506.99813551935 2400
-0.237 0.38453683250829 0.0259771286713427 -0.283193734796136 2349.35575971655 2400
-0.238 -0.10419490463781 0.150455214874128 -1.07217075822857 2482.23286497902 2400
-0.239 -0.0404499809391622 -0.375548682999305 -0.822904352403154 2473.72760986377 2400
-0.24 0.12630803067997 0.368249059633906 -0.254246027121637 2328.04876668951 2400
-0.241 0.10391279106374 0.247287617430722 -0.441316410863466 2439.52942918538 2400
-0.242 -0.114508705879126 -0.14896631698177 -0.407681339548542 2494.22659092462 2400
-0.243 0.191974632273154 0.0119673567589379 -0.962687403555048 2476.935979546 2400
-0.244 -0.845741829689771 -0.0717349951679379 -0.808034300315558 2454.7772697496 2400
-0.245 0.0447386106189951 -0.256781630665801 -0.583119238293948 2472.33996016345 2400
-0.246 0.0797554985663792 0.139677978137228 -0.671979832203965 2339.6284246676 2400
-0.247 -0.525266897496432 -0.0485015603330286 -0.79298946769471 2300.13889633769 2400
-0.248 -0.196582825037459 -0.0973766784345382 -0.214102310637048 2400.45093985063 2400
-0.249 0.410406028635956 0.254714629065866 -0.386674356901483 2325.71341937824 2400
-0.25 -0.244211353960555 -0.0912734146299847 -0.4511312967843 2361.07682360749 2400
-0.251 0.282970391648118 -0.368458328373616 -0.883410180173759 2334.26760712508 2400
-0.252 -0.0890116228621811 0.394328117018113 -0.306772372597016 2337.05114349253 2400
-0.253 -0.151744429193319 -0.0401720901380448 -0.682018556050115 2466.33926985328 2400
-0.254 -0.0353776570268321 0.313993525224725 -0.768645124778112 2463.78912247204 2400
-0.255 0.444929361703311 -0.159968964028169 -0.158143841046064 2412.43262572078 2400
-0.256 -0.310951727175453 0.23478444649828 -0.817299778837977 2331.99182435948 2400
-0.257 -0.358061321456904 -0.591973982961246 0.0108392405299978 2475.61503174264 2400
-0.258 0.439182952577668 0.437935825562401 -0.76654901185357 2403.09118409855 2400
-0.259 -0.00493473780686631 -0.503910562961998 -0.699870771371083 2444.11977024517 2400
-0.26 -0.177932148149503 0.117969950677011 -0.994481147480788 2382.18379437178 2400
-0.261 0.537827715430308 0.024133895139156 -0.624318682245833 2487.51860051578 2400
-0.262 -0.487135447254031 -0.168681401806685 -0.429116822899745 2489.48326927358 2400
-0.263 0.00844473324999884 0.175974380375921 -0.132363286409959 2335.60928291531 2400
-0.264 -0.0389511797820517 0.3085648775608 -0.680918337705729 2406.7220225233 2400
-0.265 0.0916931744384304 -0.18730071485009 -0.453135926453965 2340.77228719742 2400
-0.266 0.10536848477054 -0.127475619730894 -0.826124383124458 2384.78092517276 2400
-0.267 -0.205357282722054 0.132805083681064 -0.919722821549273 2328.02681289129 2400
-0.268 -0.12843565488037 -0.627120146992471 -0.747435804159005 2340.80600855882 2400
-0.269 0.254931755371638 0.448171102455569 -0.323796396139644 2307.18466607879 2400
-0.27 0.165740600723151 -0.0407854583857387 0.526722449317935 2356.75246135986 2400
-0.271 -0.162390585422386 0.425022727869244 -0.635323800971173 2436.11596219075 2400
-0.272 -0.13097180707107 0.00720886323589584 -0.782232027636933 2479.42710146524 2400
-0.273 0.483249539171134 -0.688182917802189 -0.25878608086268 2339.89257129358 2400
-0.274 -0.297296330735028 0.340968988520464 -1.06299049213875 2472.94119230483 2400
-0.275 0.349864988952973 -0.26140984358514 -0.226163921587276 2449.89074018415 2400
-0.276 -0.0760294425892712 0.36201332988498 0.0150129858263141 2412.3110743514 2400
-0.277 0.0835020054729454 0.114482695467531 0.000633182627301548 2346.85503588351 2400
-0.278 0.184943488377562 0.219276610942054 -0.537056374834495 2424.88811816029 2400
-0.279 0.0658626198243019 -0.261510960410648 -0.730260908309546 2389.41195066104 2400
-0.28 -0.248067531912578 -0.137425625311464 -1.01625216882604 2454.14530959403 2400
-0.281 -0.394810094293178 -0.221531844460925 -0.697254766374825 2440.76860580041 2400
-0.282 0.574609807081593 -0.00132897841563796 -0.321125063241048 2472.88413870865 2400
-0.283 0.120539954454881 0.449463315356013 -0.4168030092603 2404.77538843518 2400
-0.284 -0.414602739939572 0.109830354044705 0.0116552464477631 2298.9284064507 2400
-0.285 0.45190337397692 0.0693536197991294 -0.57352015505597 2390.88788396515 2400
-0.286 -0.165861256295226 -0.395859544854385 -0.499807073284096 2338.41760336544 2400
-0.287 0.00431651431126456 -0.160265150051481 -0.895564562439947 2358.86409794829 2400
-0.288 0.285325412909267 -0.180534783907444 -1.23189509874434 2504.20429559031 2400
-0.289 -0.388803832443054 -0.0115290022511676 -0.113642034508254 2378.56684514978 2400
-0.29 -0.192575092511674 0.87031485253332 -0.412497777952412 2382.35643932032 2400
-0.291 0.138605045216538 -0.0615011158705996 -0.339874267447361 2340.00735256358 2400
-0.292 -0.361305693163749 -0.538066998796522 -1.00211149410096 2313.93922308489 2400
-0.293 0.158423755102492 0.0414075170968647 -0.879537890468126 2395.10985232893 2400
-0.294 0.483817118038886 0.119285474592106 -0.267752487891787 2377.83731878191 2400
-0.295 -0.484159026388901 0.291121628370845 -0.927703391919152 2340.05200890385 2400
-0.296 -0.0620918123447776 -0.616575413016649 -0.241724500707496 2448.0812044171 2400
-0.297 -0.0521304139640559 0.723084022410001 -0.263133549749182 2426.42742533262 2400
-0.298 0.206771197157785 0.207763036623118 0.00506198570222034 2332.39963081493 2400
-0.299 -0.835615757658068 -0.0798553787648966 -0.576822909024951 2357.82325842832 2400
-0.3 0.363043663793652 -0.74385797641087 -1.13408255378263 2520.03107978396 2400
-0.301 0.102494274814135 -0.164592005894349 -0.368303369088133 2327.90236005465 2400
-0.302 -0.406227575856604 0.565192748932452 -0.875873404436609 2407.4450651013 2400
-0.303 0.289264690912146 -0.373742151086647 -0.358720619667246 2437.01612314898 2400
-0.304 -0.0747813812400552 0.469366449991924 -0.252965184837738 2447.07794106592 2400
-0.305 0.11105437890903 -0.0938772738466003 -0.153776104854609 2360.14475710407 2400
-0.306 0.097095202092701 -0.26759391670975 -0.991111572563031 2454.84212394931 2400
-0.307 0.0304772045573654 -0.390634212515686 -1.2208438133432 2342.17935198423 2400
-0.308 -0.393341749057344 -0.226394209758152 0.110739313608117 2358.33764336951 2400
-0.309 0.378251389843758 0.557573012180022 -0.494413362753664 2428.03137863328 2400
-0.31 0.0183000868933355 -0.276347706003506 0.1992999804286 2445.44850397909 2400
-0.311 0.0200270916593175 0.495919579854009 -0.594826243226302 2467.75641874364 2400
-0.312 -0.31584790661176 -0.658355596924843 -0.511103755965327 2460.3314712133 2400
-0.313 -0.0623602170464044 -0.26990643720807 -0.747723125988723 2389.42900818315 2400
-0.314 0.594557588369394 0.163007610456616 -0.978298049132883 2327.33725014104 2400
-0.315 -0.230752172962937 -0.310264122523745 -0.255879456029041 2435.20694435242 2400
-0.316 0.108595648444528 0.593108803814272 -0.357268310375888 2515.12715967202 2400
-0.317 0.490925498747569 -0.177481151592882 -0.40483799957324 2475.16251946738 2400
-0.318 -0.66998410950071 0.11693532645722 -0.638870630395353 2411.85625359222 2400
-0.319 0.400422200507626 -0.15621234557976 -0.629957664053441 2345.58310755077 2400
-0.32 0.262104227296824 0.449514333343996 -0.894511812256234 2415.77700289128 2400
-0.321 0.0834217561336671 -0.319483374849296 -0.648909938541571 2390.79517075678 2400
-0.322 0.132805583902775 0.217224589675204 -0.633403977042733 2448.25323743522 2400
-0.323 -0.248783306673708 0.154304940598237 -0.0956089028865105 2403.45339920255 2400
-0.324 0.121682960623415 -0.0672410124927302 -0.61204958455945 2455.91694523668 2400
-0.325 0.322325404408158 0.0367421652427709 -1.25803997499533 2367.09114676785 2400
-0.326 0.176989918832043 -1.01452961819318 -0.807867752058973 2446.48096021032 2400
-0.327 -0.158011749158677 0.517636409637817 -0.892777046946249 2313.75305881247 2400
-0.328 0.0671713509863608 0.147413169658438 -0.458130738556321 2384.98542618016 2400
-0.329 0.135596902694252 0.0390447633651364 -0.338089401759251 2309.4843417098 2400
-0.33 0.101913515166869 0.602910477424289 -0.62741399104509 2371.58808410896 2400
-0.331 -0.0356501624957506 0.134858669926017 -0.221223792101291 2480.084809516 2400
-0.332 -0.117231960901374 0.0968331105183607 -1.1208035774859 2365.09197105679 2400
-0.333 -0.261662260547357 -0.806634498820402 -0.614085743803347 2343.15160662374 2400
-0.334 0.265915444336075 -0.377329900121642 -1.00404183087847 2493.83904959186 2400
-0.335 -0.453515468591484 0.2280296643735 -0.555302454526737 2348.20969855108 2400
-0.336 0.117590978527822 0.218052342274115 0.00506332876667381 2395.34024204824 2400
-0.337 0.591826020171529 0.219212562212956 -0.187283624241353 2432.22049112739 2400
-0.338 -0.281064379878173 -0.0906391127168193 -0.620253468304675 2409.04167948262 2400
-0.339 0.44494047478855 -0.191918524816717 -0.629599749118261 2459.74297077938 2400
-0.34 0.437058198840686 -0.197017913281296 -0.962025866448803 2376.78790557628 2400
-0.341 -0.212868125525304 -0.128388286978109 -0.315149353206524 2419.18258565992 2400
-0.342 -0.215931255232891 0.113647361970921 -0.318341043005229 2429.95334448322 2400
-0.343 0.0949230265987532 0.0458680062799157 -0.640579199637712 2348.91710101627 2400
-0.344 -0.297128158169365 -0.253568114260757 -0.425475205969695 2390.92292110929 2400
-0.345 -0.255084718964721 0.0542063383638133 -0.617383049512837 2405.37824521503 2400
-0.346 -0.0543812036373246 -0.250739791576092 -0.47256296793481 2372.83686170844 2400
-0.347 0.0284839624259167 0.13450158211939 -1.09106002038971 2487.9946650729 2400
-0.348 -0.183753844422251 -0.197470751956024 -0.402621327707317 2393.52848277581 2400
-0.349 -0.262356531815523 0.383760525711558 -0.514410916948928 2367.58586089746 2400
-0.35 0.270148894835141 0.320593280343751 -0.510217216496393 2453.42320685011 2400
-0.351 -0.129116531246071 0.0210681148111635 -0.164479291627807 2358.53910680214 2400
-0.352 0.191541399212465 -0.588008081470907 -0.726284178795284 2415.30014576835 2400
-0.353 0.0301892462998231 -0.315803315681397 -1.07227423569038 2402.29400781222 2400
-0.354 -0.255388964936995 0.0282389385772552 -0.241024435350087 2447.08005619564 2400
-0.355 0.107535121561214 0.0268380669233103 -0.688923744988983 2369.34709191928 2400
-0.356 0.0319712819126961 -0.00835117453938465 -0.220722764711912 2400.18543342536 2400
-0.357 0.390765887032763 0.21337841810386 -0.648065009060108 2386.34132830387 2400
-0.358 -0.479786967795856 -0.0793985640206106 -0.329849628566725 2445.20697251749 2400
-0.359 0.34066883249656 -0.0619127957145466 -0.688435354571816 2327.96904892648 2400
-0.36 -0.0266263794510224 -0.775845303617779 -0.705417888718271 2400.55430364865 2400
-0.361 -0.596576255835782 0.0678450394134996 -0.450863641740902 2410.04686494896 2400
-0.362 0.362448649346121 0.832104603401117 -0.130957125994095 2383.43890966652 2400
-0.363 0.145545165076026 -0.0255614616443247 -0.251531223626572 2317.7177280876 2400
-0.364 -0.324509208014176 -0.287061973556776 -0.609301137756689 2457.61380994202 2400
-0.365 0.0739682153401314 -0.171892120712737 -0.644173612873826 2426.93996711329 2400
-0.366 -0.020665430274717 -0.015581966970298 -0.725400052270553 2349.46373869561 2400
-0.367 -0.104254559546387 -0.471732618218654 -0.421528427749065 2507.94022470142 2400
-0.368 0.0983910378886833 0.320466257360681 -0.337251719504113 2448.80136129014 2400
-0.369 0.0298370854077564 0.219043224193457 -0.423605821141202 2409.54776952497 2400
-0.37 -0.256221967163262 0.00259787959079657 -0.422059432293611 2354.04318575491 2400
-0.371 0.257833085152773 -0.156058623013506 -0.949973961024489 2413.08228768034 2400
-0.372 -0.290655825982342 -0.0222782508540764 -0.433808897693857 2336.18494520259 2400
-0.373 -0.176827068955509 -0.652044586428667 -0.876578476879066 2366.67678144761 2400
-0.374 -0.133625326074536 0.534411829978102 -0.270786602677356 2369.80125880022 2400
-0.375 0.399258245650732 0.0374041051075734 0.00944627912794245 2489.56965900729 2400
-0.376 -0.12724590927503 0.176962520988582 -0.490723528129542 2378.37078478038 2400
-0.377 -0.33777995583979 -0.356539461545018 -0.244706846228705 2394.26831551346 2400
-0.378 0.546584671523015 0.0690243615712296 -0.810207181961719 2476.32126325418 2400
-0.379 0.296503822940996 -0.316233503087408 -0.661071599155722 2465.2815664445 2400
-0.38 0.137951574728763 -0.13906382628579 -0.252269710304779 2377.02911160239 2400
-0.381 -0.265863079464419 0.482004921815444 0.0135790222861168 2494.46747661417 2400
-0.382 0.279784478837896 0.611276563349938 -0.52136161666551 2405.71845909111 2400
-0.383 0.0816536061185231 -0.201488769241453 -0.713913289991726 2461.10718195285 2400
-0.384 0.0429677771830191 -0.446147170348717 -1.037967055137 2399.65125063707 2400
-0.385 0.30823730655254 0.0436513750992716 -0.56605382626141 2431.05628988114 2400
-0.386 0.278884888520645 0.290884197863382 -0.268435925157482 2354.88240063608 2400
-0.387 -0.112180980717623 0.273978392452918 -0.610093711272304 2294.68331360689 2400
-0.388 0.372199402664776 0.223529598527102 -0.189914146504114 2338.81067912214 2400
-0.389 0.0961761322810725 0.0473756616720375 -0.158876369519325 2356.37006489783 2400
-0.39 0.0239886321234088 0.348817362530856 -1.30023468697624 2387.36337144902 2400
-0.391 0.0570794947336153 -0.00664721108474803 -0.490692519553333 2423.38031666327 2400
-0.392 -0.0479407600583793 -0.222602565389606 -0.530037290476541 2481.48281570328 2400
-0.393 0.105069885987367 0.101746328104249 -0.702003899398895 2392.16427261723 2400
-0.394 -0.210029605592031 0.302068241377346 -0.0460613252028113 2468.0839605242 2400
-0.395 0.092838230129283 0.0674883813264853 -0.509055083444629 2397.66447467934 2400
-0.396 -0.271969001450966 -0.17608723888974 -0.678758649495022 2355.82861789343 2400
-0.397 -0.388855344172759 -0.183227758632634 -0.758577060187828 2470.83571159555 2400
-0.398 0.277781977401985 -0.0904900941130459 -0.337359370414713 2433.51207549207 2400
-0.399 -0.169456069412257 0.100698036153863 -0.340985827770115 2420.78127768456 2400
-0.4 -0.210175076461093 -0.00170834683342577 -0.402937770581905 2392.73504340368 2400
-0.401 0.247665784054989 -0.208918741915378 -0.716696691907193 2336.42825854456 2400
-0.402 0.32798415179633 0.264967460837456 -0.215756098032516 2339.686946753 2400
-0.403 0.0777893458625747 0.638337933411334 -0.202129111894635 2319.65989943412 2400
-0.404 -0.34306762058177 -0.240278720459949 -0.251403303829242 2392.57713384046 2400
-0.405 0.556549147859593 -0.23967606625482 -0.615899664785939 2402.11611135167 2400
-0.406 -0.0434662080892269 0.274403085664888 -0.0863718863060806 2338.34668763689 2400
-0.407 0.0509780102211409 0.260912209796238 -0.552677866121434 2424.886210957 2400
-0.408 -0.0210254519798559 -0.171737381548909 -0.302252470395951 2311.3084738847 2400
-0.409 0.411948987736016 -0.138151146625717 -0.680009956987021 2332.51165587574 2400
-0.41 -0.130497935132498 0.30793697800617 -0.692931199349483 2321.42143476164 2400
-0.411 0.221271072692884 0.276800370714004 -0.000262514783592224 2428.83231891912 2400
-0.412 0.280478610664794 -0.0301201518477257 -0.258744535880691 2376.41826486306 2400
-0.413 0.0964236863742727 -0.27819799479348 -0.760092138405882 2466.42670696919 2400
-0.414 -0.454671783244592 -0.312694747280947 -0.57077545717466 2426.45539637039 2400
-0.415 0.116017887406355 0.246337837509774 -0.806542064583425 2375.46654172936 2400
-0.416 0.063391299600686 0.0364937544687424 -0.204606711483385 2433.07348687618 2400
-0.417 0.228129523189909 -0.028537361347347 -0.781801221059518 2421.49003544357 2400
-0.418 -0.379201002898669 -0.45163482835923 -0.49635241540595 2326.44834608089 2400
-0.419 0.06680267428753 0.294905085049749 -0.346329265224773 2376.40228717225 2400
-0.42 0.195530777562425 0.133389712887902 -0.519614762279983 2330.25682262271 2400
-0.421 -0.518687786132905 -0.628586750619182 -0.161088131923996 2432.36658368444 2400
-0.422 -0.18727498784966 0.536951743130781 -0.470033181588528 2461.21370716011 2400
-0.423 0.360093036994983 0.240190112201662 -0.0422172508403162 2320.87371496128 2400
-0.424 -0.293935074296428 -0.541669630690918 -0.347547711654865 2471.68092504798 2400
-0.425 0.180523580758406 -0.184559486454011 -0.654273787384848 2429.00866106222 2400
-0.426 -0.169811837472914 0.267076716016844 -0.459821999365442 2422.45876039246 2400
-0.427 -0.155197892191898 -0.0571879195252285 -0.295677018544081 2343.40576816933 2400
-0.428 0.352748333939661 -0.186579033769807 -0.415956081712879 2373.29574552369 2400
-0.429 -0.133567024967889 0.282842042339727 -0.101301644642335 2342.05227283356 2400
-0.43 -0.0798419936684103 0.685610583513258 -0.835899677054159 2385.79736175721 2400
-0.431 -0.041053284875525 -0.8122208233151 -0.348601453166605 2417.04593533582 2400
-0.432 -0.194364312711729 -0.00761628378729113 -0.958110761329867 2414.86677884588 2400
-0.433 0.147472428145051 0.63743069301116 -0.403453984488283 2454.91691146698 2400
-0.434 0.472789300142175 -0.00432157828687267 -0.322782375472763 2487.0959649097 2400
-0.435 -0.217880479943843 -0.300377406046339 -0.538947065111533 2488.57557395734 2400
-0.436 -0.633788668352211 -0.304927526797227 -0.587770626523407 2458.19625063629 2400
-0.437 0.637362430385947 0.282949632072297 -0.630736289474738 2370.35550629903 2400
-0.438 -0.158366435469007 0.627404326550397 -0.38164566164836 2389.33543981584 2400
-0.439 0.00127998448190399 -0.592365181539621 -0.617309745962913 2431.06635365926 2400
-0.44 -0.239570724107698 0.161774340780887 -0.739654446955919 2451.59280463001 2400
-0.441 0.263802939583138 0.137515431550585 -0.49550036917878 2421.31230115406 2400
-0.442 0.0322448705254817 0.059465016790164 -0.352636761797622 2431.57451355801 2400
-0.443 -0.134435373690481 -0.610729340487306 -0.315905804758278 2349.61954684608 2400
-0.444 -0.173131207821617 -0.128532947358894 -0.666877909365021 2424.2490858714 2400
-0.445 0.44746232962201 0.354140937202708 0.201809149276034 2314.10806259147 2400
-0.446 0.0060375812018242 0.500528960090343 -0.302380000885554 2382.21795158184 2400
-0.447 0.143449182754578 -0.332942479076613 -0.671303252808887 2348.2248434164 2400
-0.448 -0.296942536526597 -0.590133322229901 -0.88468471375571 2443.32387821601 2400
-0.449 0.235079984768168 0.0515291554579414 -0.135382354233364 2456.80324432104 2400
-0.45 0.199647144241242 0.328582464027541 0.131021945548061 2493.68478287677 2400
-0.451 -0.329454415446681 -0.0973251143378944 -0.693964191147252 2348.75484630432 2400
-0.452 -0.112440492730635 0.0578498034597994 -0.605407487122878 2363.9760574862 2400
-0.453 -0.3568839788209 -0.13407890932153 -0.415368380419232 2489.30574484826 2400
-0.454 0.399242383006852 -0.0968018014092385 -0.0698362065113323 2346.0342904665 2400
-0.455 0.0315757403150509 0.920890375559768 -0.550660345407296 2400.68780923178 2400
-0.456 -0.614438260761767 -0.110828387127476 -0.294351632764475 2443.85664489035 2400
-0.457 0.0736530260195016 -0.123299925350788 -0.461805051257358 2408.3283081464 2400
-0.458 0.0551932354252831 -0.1815876224902 -0.443837830157658 2319.88577869573 2400
-0.459 -0.292206037983635 0.462575968681096 -0.450772764525633 2440.09913684475 2400
-0.46 -0.000257631149320164 -0.213220636953952 -0.616325061948721 2322.79747940281 2400
-0.461 0.132847569480833 -0.0549326065650617 -0.819798183180286 2381.3891176066 2400
-0.462 -0.108333952630683 0.112585794681763 -0.421919310085433 2355.76680552881 2400
-0.463 -0.0930365115452333 0.176776922655973 -0.653239843245141 2424.94219118455 2400
-0.464 -0.0549962567855681 0.0877374676241017 -0.149901485074336 2433.27638854734 2400
-0.465 -0.00773571784066389 -0.0850754289545907 -0.383736238153968 2453.4422500769 2400
-0.466 -0.349658564379556 -0.0774591491761749 -0.64927720057895 2497.78925317468 2400
-0.467 0.0702216516243931 -0.218889519440848 -0.419362788335885 2413.80147297317 2400
-0.468 0.221159083135889 0.0500397704545526 -0.186263091674699 2333.36281055124 2400
-0.469 0.289891759309634 -0.054552328039981 -0.0331162527517363 2470.29850101331 2400
-0.47 -0.231088110221391 -0.549030409683732 -0.699166082373791 2365.98240688057 2400
-0.471 0.0659947689375315 0.120267745038533 0.000478384425090531 2319.13912863297 2400
-0.472 0.270155888366248 0.320284621750123 -0.189347454435581 2423.80055995148 2400
-0.473 -0.14591058612312 -0.303335247657323 -0.749387695055984 2403.11295328996 2400
-0.474 -0.319090000364084 -0.167970053022277 -0.436868091881799 2395.15302509805 2400
-0.475 0.592906033048333 0.187996731436888 -0.186957267499748 2452.49244326617 2400
-0.476 -0.51884493313122 0.339809918279523 -0.281599633719022 2388.54885773641 2400
-0.477 0.0613456375245056 -0.0713263626497835 -0.293094554383506 2408.53237022712 2400
-0.478 0.38728761416818 -0.310085355678138 -0.424756416423651 2342.35787327046 2400
-0.479 -0.348268239984097 -0.253631430544925 -0.0683144335749649 2397.27963406959 2400
-0.48 0.45998700723961 0.128987870955298 -0.280892624035455 2368.10054655412 2400
-0.481 0.136804921410862 -0.0188192461863824 0.321920311208515 2428.5912317464 2400
-0.482 -0.142294985736695 -0.256951276913412 -0.569049830600329 2479.99330087777 2400
-0.483 0.282535867837216 0.0742359248975704 -0.254334917599148 2427.01910860324 2400
-0.484 -0.268177917742637 0.212288304908028 -0.229871550244273 2455.18093092183 2400
-0.485 0.561437152698135 -0.215237063892518 -0.821277982646843 2319.99247680932 2400
-0.486 -0.181208372266477 -0.733655647349682 -0.150870437793047 2428.26718525912 2400
-0.487 -0.302852999676017 0.67192367199865 -0.191927587382985 2393.05209434705 2400
-0.488 0.10431929857007 0.478977245918992 -0.303292081507343 2402.87438399328 2400
-0.489 -0.158473508126121 -0.0889573440121063 -0.476480399098494 2500.39958598389 2400
-0.49 -0.260503379544797 -0.481208372940691 -0.638065744500209 2376.95640771401 2400
-0.491 0.124344421685279 -0.0503754680243099 -0.402070064863654 2369.15090433938 2400
-0.492 0.277668595381139 0.79999365219673 -0.266177974117182 2396.0466027312 2400
-0.493 -0.0139006908158363 -0.172621870168961 0.00094458588687698 2474.45013187846 2400
-0.494 -0.109133067290774 -0.102033652755399 -0.350810635538871 2429.7729803755 2400
-0.495 0.0831461571176939 0.102270392766648 -0.265100024335703 2500.90799474967 2400
-0.496 0.219976921517492 -0.0535189724489036 -0.634267558677177 2395.84189208534 2400
-0.497 -0.216902448334808 0.348598923042421 -0.15881277341704 2484.54224233498 2400
-0.498 -0.317473815799204 0.278352491964124 -0.709494061012899 2514.3826582463 2400
-0.499 -0.0115130862310608 -0.235724901146071 -0.0138547881624869 2347.72440414358 2400
-0.5 0.0312954959906706 0.485639444146731 -0.223691292461369 2357.46692448286 2400
