# Fix print output for fix def1
-0.000999999999999843 8.88178662000522 9.04612630493833 -42.9236081596479 309.764403553972 300
-0.00200000000000004 9.12677303999822 9.6706714567381 -44.4773799675666 290.943251509116 300
-0.00299999999999988 -3.78722200140448 -3.82376142387856 -40.2989909212407 294.208923886494 300
-0.00400000000000007 -10.0900837352123 -10.5639391136544 -41.5701799170908 294.440483345295 300
-0.00499999999999992 1.42599323113243 1.27621839786394 -45.95598081605 304.409226107664 300
-0.00600000000000011 8.40320606796361 8.64627648454424 -50.0454485905628 306.749938274885 300
-0.00699999999999996 3.20012812807668 2.52832190504498 -49.4436657593475 286.988750073646 300
-0.00800000000000015 -8.5903916612011 -8.3382086203222 -48.4548824398276 314.868221945604 300
-0.00899999999999999 -4.09210271799772 -3.8325652865883 -42.6011424698353 290.053705560945 300
-0.01 5.77297810766568 5.90794174204048 -46.4144519962942 297.326772884572 300
-0.011 4.04080145493217 3.33574684349809 -47.873117574207 304.435912860305 300
-0.0119999999999999 -2.26342176180864 -2.83707794617899 -47.2639635777033 298.289841241082 300
-0.0130000000000001 -4.84685822616702 -4.74046224635093 -48.2293211408889 307.426891556507 300
-0.0139999999999999 0.730019488604303 0.986776129963861 -51.7316499003431 300.440170826561 300
-0.0150000000000001 4.26077448616219 3.91808013638103 -54.291151521226 307.255558396632 300
-0.0159999999999999 1.27863815991297 0.810024452650392 -54.7223406003047 291.734463525168 300
-0.0170000000000001 -3.56788641496648 -3.75515327477342 -54.7477601347554 294.564654299139 300
-0.018 -2.17058215038449 -2.24716501464476 -57.14286129075 302.054313404083 300
-0.019 2.25905326870636 1.63921967547413 -58.8533190957507 306.22983915574 300
-0.02 2.97241978962073 2.96451401726046 -60.8817239000424 311.30107965708 300
-0.0209999999999999 -0.334102503297474 -0.605637647413503 -61.3911958925927 304.81986644645 300
-0.0220000000000001 -2.9155369863503 -3.16859291255928 -62.8165371262765 304.247643182586 300
-0.0229999999999999 -1.93156066911713 -1.15924751022671 -64.7713887670997 311.915600829831 300
-0.0240000000000001 2.40194455136225 2.28184032815344 -64.9641465971343 304.831920118777 300
-0.0249999999999999 2.68792799922974 2.74653416075209 -67.0228854799516 302.282874083699 300
-0.0260000000000001 -1.0710316290977 -0.837122777264953 -67.0514777646337 297.489051434453 300
-0.027 -2.97593384116917 -3.31549221484561 -65.8487951120311 301.741578310878 300
-0.0280000000000002 -0.2936994881742 -0.320204968207966 -68.1973537500859 304.942836966446 300
-0.029 2.41214704991016 2.5417253258162 -66.8418674203172 309.859239328862 300
-0.0299999999999999 1.48992716689067 1.13064811196 -62.2653192746297 305.808875334711 300
-0.0310000000000001 -1.09606020602944 -1.29494127213816 -50.0274784142555 298.676031745231 300
-0.0319999999999999 -1.01173329728638 -1.0065218313907 -33.8871108471785 291.362642949995 300
-0.0330000000000001 0.136674914213197 0.559266392088435 -20.4870408187178 303.916177667946 300
-0.0339999999999999 1.00778429241838 1.06396463324864 -15.5673535857712 306.487521830029 300
-0.0350000000000001 0.028326146693723 -0.0210873169463433 -17.8209333985757 304.609047678732 300
-0.036 -0.439497519358479 -0.893125784685563 -25.3989901744046 292.24148414029 300
-0.0370000000000002 -0.63372029217938 -0.945262029536734 -26.0899261471314 307.933966244647 300
-0.038 0.163631484092192 -0.0336557507001146 -20.6478741415497 315.539938425234 300
-0.0389999999999998 0.85557051144809 0.127936977057687 -14.2755927611639 304.46246492196 300
-0.04 -0.604412207155173 -0.244770389718275 -9.29268209967822 305.968554951954 300
-0.0409999999999999 -0.435628743990149 -0.425640006368974 -8.16735127847943 303.458236857984 300
-0.0420000000000001 -0.183052029814092 0.489110261149962 -7.30318404288521 295.795032755914 300
-0.0429999999999999 0.0358922616567737 0.340412251386694 -4.62673199293489 293.35331088788 300
-0.0440000000000001 0.388339862354969 0.0877619168415798 -1.59751383977731 305.101716347976 300
-0.045 0.458064499235874 0.20770385353767 -0.698548910235117 305.14484679309 300
-0.0460000000000002 -0.0459342257368037 0.23601066631225 -2.20691802547678 301.436610005442 300
-0.047 -0.323637649942978 -0.180026649668575 -3.55037460406068 309.3075760702 300
-0.0479999999999998 0.110614218338399 0.23901145074197 -3.70583876484569 311.574085819333 300
-0.049 0.0556776066487596 0.180362609097533 -4.89597026736486 311.141296872844 300
-0.0499999999999999 -0.0736638856657255 -0.625501340747495 -5.88735533951588 307.652218820858 300
-0.0510000000000001 -0.26122513056666 -0.319387229586156 -5.5531334587467 309.29108904753 300
-0.0519999999999999 -0.568323446057533 0.297520109945962 -4.11495911684192 305.742816392407 300
-0.0530000000000001 0.162484908605131 -0.0379346294638883 -3.59854704773824 302.739199382652 300
-0.054 0.611576760918911 -0.392788977755288 -2.74220176829746 312.216529828605 300
-0.0550000000000001 0.0306073682168486 0.3116079323737 -2.12982850688787 308.075429236504 300
-0.056 -0.0211215722739609 -0.0009490654421291 -1.4445594960308 305.460638735268 300
-0.0570000000000002 0.0767114117333429 0.285887813493459 -3.02197116314835 297.340938991284 300
-0.058 -0.125442126745946 0.279672556429888 -3.56153710184624 286.009875047215 300
-0.0589999999999999 0.00205432942248916 -0.0676702352654285 -5.78228023033948 297.758174454602 300
-0.0600000000000001 -0.109394946057355 -0.447090312115265 -6.72252842776888 299.351697749051 300
-0.0609999999999999 -0.20414226275626 -0.365632448395807 -7.06261508092168 289.08675443202 300
-0.0620000000000001 -0.144501461460847 -0.166629095098374 -6.38477213659229 290.093872350581 300
-0.0629999999999999 -0.0836760263259273 -0.337861920165058 -4.36528321677974 291.416617845253 300
-0.0640000000000001 -0.0639434970984975 0.151141004264817 -1.99784858501008 284.774544234929 300
-0.065 -0.0379076839023898 0.258156437786648 -0.733931946803472 291.357299481852 300
-0.0660000000000002 0.114408889911275 0.319268974182395 -0.286769910898533 300.817162293181 300
-0.067 0.220838019312959 0.211630774453961 -0.149365646713447 302.683343742361 300
-0.0679999999999999 0.110130213605649 0.116151462985678 -0.491321272017831 302.136671678427 300
-0.0690000000000001 -0.0942941297429882 0.115261534937191 -2.15925192135721 308.12772720815 300
-0.0699999999999999 -0.0868364409468359 -0.47136221634672 -4.1156431128144 302.295647511841 300
-0.0710000000000001 -0.0627653869561858 -0.282774078162748 -4.21998153865997 305.75241687714 300
-0.0719999999999999 0.0772234002728914 -0.118174156808647 -5.27995792945601 304.75104189629 300
-0.0730000000000001 -0.321160050262799 -0.311099369623382 -4.93060138833946 305.050252119451 300
-0.074 0.0474860268800418 -0.133219577596499 -3.4063456330842 308.752049646063 300
-0.0750000000000002 0.2805378258345 0.475262990280912 -2.76883370220869 299.964852321169 300
-0.076 -0.0306344169626738 0.139709623693038 -1.98293098078904 297.332656862415 300
-0.0769999999999998 -0.129966930707738 0.070158041429339 -1.45097887515421 299.726333888631 300
-0.078 0.0587464375611748 0.0292107267259008 -1.51076349351809 302.508312381704 300
-0.0789999999999999 0.131546101429816 -0.0799568293405331 -0.970898179134523 292.684734262293 300
-0.0800000000000001 0.0446575989741439 -0.152285391232082 -2.02500054346335 293.373759778125 300
-0.0809999999999999 0.153520331587112 -0.0211348299363196 -2.38960347107599 291.474814228268 300
-0.0820000000000001 0.131309355422147 -0.0633448619205472 -1.72228242327116 305.776404868957 300
-0.083 -0.10087534790253 0.0170381109983413 -1.64207781712048 305.620492183687 300
-0.0840000000000002 0.0283289324883102 0.153410587342839 -2.03533465473666 304.553450167297 300
-0.085 0.0157595403674799 -0.109182704384154 -1.74682278900699 297.835849448384 300
-0.0859999999999998 -0.125186644274459 0.063945811419516 -1.58585717683908 303.119550491973 300
-0.087 0.010142216207604 0.165357359232074 -2.82960375126591 290.215185439026 300
-0.0879999999999999 -0.233964770828678 -0.207754275203238 -2.71989047781663 309.081589249142 300
-0.0890000000000001 -0.170648820807151 -0.562217676321905 -2.75290021878055 295.818557731544 300
-0.0899999999999999 -0.295490992911328 -0.0158899206814434 -2.91177721694207 290.353837231175 300
-0.0910000000000001 0.0724633528970246 0.0853694017151615 -1.87927552326614 290.354511626293 300
-0.092 -0.0421745810586379 0.109572234899947 -0.986185698018109 311.434031073471 300
-0.0930000000000002 0.0346061730678151 0.0683787702185166 -0.920792713513105 314.782286844935 300
-0.094 0.0137714391692308 0.306748184437519 -0.713808831540931 296.826655235956 300
-0.0949999999999998 -0.0111185885682823 0.197663840401853 -0.437610307483099 292.204809230995 300
-0.096 -0.152570717021096 0.284889069085925 -1.02371890052081 301.942779883511 300
-0.0969999999999999 0.0689628785122479 0.0676987653952415 -2.53082204738177 293.546372601359 300
-0.0980000000000001 0.0743530961528337 -0.452212712749849 -2.98912413995702 302.351430569178 300
-0.0989999999999999 -0.169918432364616 -0.102487161360836 -2.97826341588506 303.532353021464 300
-0.1 -0.077176696825258 -0.373802464565294 -3.17352047538446 302.427103388858 300
-0.101 -0.0161770492199117 -0.334133023064322 -2.28852033229075 300.423705929095 300
-0.102 0.136526099880812 0.306007663980151 -1.31754970721465 306.427736705456 300
-0.103 0.151859405513975 0.213989879108389 -0.820945751408859 295.316366264983 300
-0.104 -0.16466181332488 -0.0977537331671054 -0.538430198776011 288.253535428903 300
-0.105 -0.173364200746784 0.250740205776526 -0.975155977918832 311.345962856063 300
-0.106 0.176624778055016 0.229614365361866 -1.1676228485216 302.907896189655 300
-0.107 0.104994706330719 0.0801792009436534 -1.29846468422365 310.140430404938 300
-0.108 -0.171294328668419 -0.0230979210458558 -2.39253869780525 294.059086406985 300
-0.109 -0.219970858360136 -0.219015744872885 -2.50274869363785 292.413857458948 300
-0.11 0.0300934303549822 -0.108055328256612 -1.89572448092056 288.659838856134 300
-0.111 0.301789166073827 0.272463976029638 -1.82012091965732 288.241641969737 300
-0.112 -0.0474498322762424 0.138922028816471 -1.45229340573313 300.263854328946 300
-0.113 -0.119892855045994 -0.304051223146388 -1.07306533885699 303.722063777925 300
-0.114 -0.148700887172765 0.0880754486886652 -1.6587783658404 300.267678021669 300
-0.115 0.151434686690524 -0.0631400364087215 -1.62514372750886 300.653082965175 300
-0.116 0.353566435081686 -0.0130336043726352 -1.51862231823685 295.485990559916 300
-0.117 -0.0251571849316213 0.0350124940616165 -1.5295306355352 293.010835765658 300
-0.118 -0.281116642370482 0.0700525604634267 -1.21462224452534 294.149846702063 300
-0.119 0.0646363516705808 0.0371729100760982 -1.23460448166573 297.909259874889 300
-0.12 0.191191114619993 0.257693340862664 -1.05416522554458 311.055959600714 300
-0.121 0.0820638761329218 0.0799034179557096 -1.11490065643467 307.914571656991 300
-0.122 -0.118386787989028 0.146620009940614 -1.68169308272183 308.114483600145 300
-0.123 -0.137420793125575 -0.189023546339836 -2.11934815828078 294.205052676386 300
-0.124 -0.119258576477043 -0.0676142246307894 -2.10530106188766 292.05646999393 300
-0.125 0.0763969278503795 -0.116562168358005 -2.16130208539723 296.918362646418 300
-0.126 0.0654288738064657 -0.135287989056059 -1.64530319512555 301.784055015534 300
-0.127 -0.0491902735958168 0.109950606403914 -1.21789889193644 293.846146281777 300
-0.128 -0.0305740308217745 0.296947029385152 -0.63059519684758 304.114362360395 300
-0.129 0.342546894721074 -0.0140910847471162 -0.624398702620343 307.543290165404 300
-0.13 -0.0142923237205073 0.140373999973731 -1.06790812940573 295.658058861408 300
-0.131 -0.0320991786276277 0.0399838638717174 -1.16698234033286 297.788085207893 300
-0.132 -0.0306454509739289 -0.167543985928868 -1.61966198475925 299.458019896228 300
-0.133 0.00630595435049857 -0.0380179300227948 -2.05079237395549 292.416555282942 300
-0.134 0.12347190525086 -0.0570527307689132 -2.22849141963389 290.427146133777 300
-0.135 0.0569801338166292 -0.216149061616193 -1.82183442896358 302.028957466741 300
-0.136 -0.177934808732779 -0.14967302028275 -1.36158341385874 295.437813187398 300
-0.137 -0.126566986317117 0.31446407990771 -1.15209935786324 292.682492941193 300
-0.138 0.260084008975092 0.0554284047598202 -0.751716104631257 301.170383427996 300
-0.139 0.147895928142963 0.180003706113377 -1.01156415600156 292.990613838887 300
-0.14 0.00864470095479954 0.0518832078993841 -1.29818333719371 296.355988306634 300
-0.141 -0.162443795723043 -0.0830904894651741 -1.29780152938454 305.775525079279 300
-0.142 0.102466236660793 -0.175327218734568 -1.39785107645853 304.896816171593 300
-0.143 0.148118072899035 0.0599304758066008 -1.51842287540848 312.499636142738 300
-0.144 -0.0287317004877317 -0.15096030642699 -1.29801232898467 304.139503316861 300
-0.145 -0.162169945260017 -0.0599101957431656 -1.41422505214441 304.953739388229 300
-0.146 -0.0322214431457142 -0.0278605774475237 -1.55126369164426 305.327025810078 300
-0.147 0.0338906242426953 0.0372421452373209 -1.23292243222843 290.353114298887 300
-0.148 0.0996320901801769 0.238808360216778 -1.30504934013884 303.152164307584 300
-0.149 -0.0722568304095968 -0.148695734924582 -1.40366630463275 293.504646365692 300
-0.15 0.00887751449040442 -0.100967530142806 -1.36286786020519 293.894298121547 300
-0.151 0.0905590232577093 0.0521575691895239 -1.02561372327771 300.860449992071 300
-0.152 0.0640836229386111 0.374279329112563 -0.819036763805522 299.311898339227 300
-0.153 0.10835232382239 -0.0525146715458489 -1.11534722976274 305.012059564542 300
-0.154 -0.0642060282923042 0.0509660331363609 -1.07260435681823 301.653596935549 300
-0.155 0.0726455458064613 0.154995695998349 -1.22483308024389 300.310393074658 300
-0.156 0.108807004500119 -0.00741727906773951 -1.47173223552324 291.841396420608 300
-0.157 -0.00133764222694175 -0.321865934880537 -1.88226071399338 299.010596073697 300
-0.158 -0.126325064199237 0.138314019801088 -1.6848571003315 289.272430409595 300
-0.159 -0.153969823249825 -0.161702493343547 -1.25959630101729 292.565247162993 300
-0.16 0.153178928519443 -0.041139835944553 -1.17695423196683 303.203363144834 300
-0.161 0.0452349277270173 0.21763521395851 -0.988389825119284 305.273311950709 300
-0.162 -0.260420023535308 0.0100130868459163 -0.578163745540741 302.530551974439 300
-0.163 -0.0446459548943837 -0.028196488411732 -0.898548229756233 289.864013028625 300
-0.164 0.338257755750376 0.104584096258116 -1.39334871026411 307.097095651759 300
-0.165 -0.0682895418031089 -0.00837126178238679 -0.979490627179958 304.084838606886 300
-0.166 0.00998123633685754 -0.113365802234595 -1.20805132661057 290.108366106702 300
-0.167 -0.00288294856591577 -0.177443957453957 -1.55791305702315 308.427130522917 300
-0.168 -0.130733912374652 0.0263908632518668 -1.23076162197779 301.137753207527 300
-0.169 0.121173895707502 -0.0417757662359585 -1.24304690977365 298.86233045 300
-0.17 0.00311144511630474 0.0217068157258458 -1.30506467238792 295.897201488831 300
-0.171 -0.208957504637249 -0.093785852408535 -1.30987035163252 296.35702878948 300
-0.172 -0.0794588894469961 -0.152247666302501 -1.32373459139799 304.052437542549 300
-0.173 0.0995457141640085 0.0805469295493336 -1.03458430320693 297.537668632861 300
-0.174 0.128900596721153 0.173449014729554 -1.0216925258689 312.746170641882 300
-0.175 0.0981400975238418 0.201826111833384 -0.984956559533456 299.774218545092 300
-0.176 -0.0984770160458312 0.0640240067545527 -1.02130504802393 310.380011089653 300
-0.177 -0.0059295209453623 -0.0597061920874629 -0.874841699894073 298.636523266776 300
-0.178 -0.0164494142520537 -0.00136088766115518 -1.09696466665753 296.453729865987 300
-0.179 0.0093402700353351 0.0426371796603859 -1.62085195998495 302.50629787425 300
-0.18 -0.0417173115544659 -0.205382229735335 -1.47338198485312 287.813167567188 300
-0.181 -0.077590211281899 -0.074013325480436 -1.21668653823956 297.630260235809 300
-0.182 -0.0370071161510535 0.0922800720296379 -1.09345173038424 294.959577296895 300
-0.183 0.147306425968033 0.140738785674053 -0.628998162319714 299.035425059835 300
-0.184 0.112559863118627 0.0464501196941958 -0.682844123716999 297.100585538235 300
-0.185 0.0402823243449957 0.323252640569986 -0.946630860342592 304.924601029648 300
-0.186 -0.0435274812249132 -0.0875273283556728 -0.941232113781839 303.997810522109 300
-0.187 0.143284132526241 -0.0712584811315768 -1.13637727438306 307.842428344307 300
-0.188 -0.0711785602934024 0.187526880773573 -1.15012179184645 292.398959598031 300
-0.189 -0.12853864345294 -0.103987749557583 -1.3973166048982 294.578640458447 300
-0.19 -0.177623053546832 -0.146202394432221 -1.26013521432507 310.799165503247 300
-0.191 0.0829983848547494 0.236726459089933 -1.35134687984593 301.535392220402 300
-0.192 0.142870984378557 0.0212892603668626 -1.06938226144295 303.588229881293 300
-0.193 0.0831042286829058 -0.000623816958485584 -0.980422559032382 297.709855255218 300
-0.194 -0.134111528999155 0.16209392606032 -1.0854320287137 289.367500544599 300
-0.195 -0.0960278458680294 -0.0567308656338932 -1.060565190789 293.080922777591 300
-0.196 0.310929475438608 -0.190231727082802 -1.1829220931287 309.931313944434 300
-0.197 0.189515102289564 0.0505664778487503 -1.0290469367665 300.813727921568 300
-0.198 -0.180729927851188 0.0500170045605051 -0.805402106593575 295.973887859711 300
-0.199 -0.0545679295206929 -0.179724743794459 -0.895341606651404 288.630960123127 300
-0.2 0.0505175975023215 0.122454501140734 -1.15592157659357 288.123864992608 300
-0.201 0.103408785491973 0.037702121506659 -0.987190375081562 293.916785869183 300
-0.202 -0.054014529062552 -0.117232629063781 -1.28371064169946 298.291291734519 300
-0.203 -0.266673727797949 -0.237606800002015 -1.56000687288213 311.390199971311 300
-0.204 -0.0467265214885319 0.0593219976497028 -0.877061885699353 294.952623644932 300
-0.205 0.22456980781322 0.0588804967311203 -0.686794549616416 294.918076100624 300
-0.206 0.0780805260315843 0.218906035944012 -0.884097433686183 303.874880596548 300
-0.207 -0.0789933498556457 -0.0499653868564399 -0.710187311418771 289.530458879039 300
-0.208 -0.195355004843225 0.0314961556351747 -0.763771353252664 288.172830852342 300
-0.209 0.119579914427285 0.0784227124575016 -0.825170348249216 308.646748126042 300
-0.21 -0.121141336154804 0.0426014649768676 -0.963901656531866 311.065958890332 300
-0.211 0.0752230997505688 0.00232424092284947 -1.11110666280066 299.455405526623 300
-0.212 0.0212159688302645 -0.168153672061471 -1.16910591615326 309.821235792414 300
-0.213 -0.177880751030951 -0.186647188626126 -1.04427859345533 297.91307496076 300
-0.214 0.0847320698314416 -0.00817155257038028 -0.975392656825417 293.906380416197 300
-0.215 -0.00664493288287207 0.13176819385906 -0.825892070284226 297.73256586269 300
-0.216 -0.0823718114595785 -0.118699183699138 -0.770533618644675 290.641238467795 300
-0.217 0.109857735769328 0.145930183997151 -0.889885442726388 294.858171532167 300
-0.218 0.0809840845386058 -0.0216758701661648 -0.877918785619709 300.731127288704 300
-0.219 0.0957721441999091 0.0849297018805977 -0.978893883776616 292.118039511042 300
-0.22 -0.116901224311267 -0.023425459524346 -0.999284565835621 311.781847055722 300
-0.221 -0.048507330669825 -0.154736931978795 -0.749912822686667 305.415195014644 300
-0.222 -0.107415374061905 -0.14040520264485 -0.948649341499084 290.649641053436 300
-0.223 0.125437436177417 0.0804333885916604 -1.02851891832847 299.089713450973 300
-0.224 0.112473196563424 0.103618731707809 -0.765912869604287 306.326441266622 300
-0.225 -0.144456309228088 0.0200339730816738 -0.927484287989303 293.976130230323 300
-0.226 -0.0737847108490896 -0.11003289768497 -1.07378586200473 289.126377943745 300
-0.227 -0.0518731321644694 -0.00639164795188991 -0.861103697084563 306.408961375544 300
-0.228 0.0527809224139694 -0.0321706754706194 -0.713277844236289 302.953695923564 300
-0.229 0.00353893935500758 0.142687483405809 -0.767025398391645 306.984890357367 300
-0.23 -0.117025731288537 0.080605901008535 -0.715912644778572 312.597336380538 300
-0.231 -0.101420083833812 -0.0780331878138392 -0.584371091415905 298.818094808351 300
-0.232 0.0303718051090905 0.167169300394343 -0.846820115578055 296.497402398228 300
-0.233 -0.120255178543397 -0.222900698290013 -1.24503856528001 310.796074666119 300
-0.234 -0.07028124456872 -0.350623147224167 -0.940633495786534 305.351890743178 300
-0.235 0.0117217742681206 0.12398916516731 -1.04657990769594 292.511235344824 300
-0.236 0.138643195205787 -0.0902108754884457 -0.84415250931758 303.840797568178 300
-0.237 -0.0499836377972794 0.0392434027449863 -0.409228082262357 300.721396962537 300
-0.238 -0.0528359022909102 0.199138226174955 -0.996940170368696 303.621322958932 300
-0.239 -0.0835835694905422 -0.110240173965405 -0.675773581538658 312.148815766494 300
-0.24 0.0382921939696471 -0.0586135811475478 -0.813089321595807 302.033812896823 300
-0.241 0.131467821076073 0.208939796553878 -0.945873004045593 315.165908361997 300
-0.242 -0.0512725911221301 -0.234184852641318 -0.767839902884924 298.753508928637 300
-0.243 -0.202856978032929 -0.000254644149975788 -0.926980334774428 307.314147396903 300
-0.244 0.00192755204444519 0.0928950935035219 -0.862973203775322 299.994862927531 300
-0.245 0.00980607060418275 -0.0371769662567393 -0.611551761751287 299.154034576437 300
-0.246 -0.011452186909605 0.0176501107985732 -0.9347071106912 294.909865559894 300
-0.247 -0.272269465388198 -0.015993396618854 -0.956130400218855 310.577981379667 300
-0.248 -0.0501006121308963 -0.211317009372864 -0.67909417311042 311.217339251096 300
-0.249 0.264453637593702 -0.086549022649717 -0.922236089886098 294.176558366121 300
-0.25 0.0585470864585269 0.119922399283943 -0.889579414491956 296.579310834842 300
-0.251 -0.102236310125628 0.157841063728648 -0.56363406112105 297.958891348577 300
-0.252 -0.0382612901581198 0.102995105389011 -0.79466237642042 290.581537879802 300
-0.253 0.0854174556098974 0.107224340779085 -0.646349305778632 292.570310818035 300
-0.254 0.123692580843973 0.0600948227181689 -0.808035404068545 301.180972716955 300
-0.255 -0.00387652979705475 -0.0828967703030337 -0.887339337665278 306.526801507178 300
-0.256 -0.188452460102478 -0.162934669131671 -1.10016790319792 302.784346513295 300
-0.257 0.0591590533723288 0.0644527396182295 -0.868649988919865 299.997504120059 300
-0.258 0.0431329310364786 -0.0780093481527145 -0.689553083958087 303.898123634684 300
-0.259 0.148597385010278 0.0598502709404155 -0.711528350255857 291.666378821965 300
-0.26 -0.0369185288302718 0.138346192672849 -0.524425537143436 312.619778157068 300
-0.261 -0.0288577513844057 0.0195444601611091 -0.506088875744372 297.426991669299 300
-0.262 0.0329717944263182 0.0868540798500431 -0.775658270302148 303.76399669689 300
-0.263 -0.0732186297749151 -0.087659570108191 -0.674244880182121 309.757949666243 300
-0.264 -0.049849613388198 -0.119584604056901 -0.981277801546356 288.131601491588 300
-0.265 0.0751966219697519 -0.081672263992532 -0.892556729026853 297.254128825713 300
-0.266 -0.0505624689899535 -0.146498370873194 -0.91392439547158 292.592647321642 300
-0.267 0.083441443326426 0.184935695431099 -0.519906756110998 300.540944970625 300
-0.268 -0.119073889524377 0.125397272888747 -0.485468108704944 295.844143767289 300
-0.269 0.053335904693107 -0.0236183152113634 -0.68984021039403 302.332648139932 300
-0.27 0.0501202528185296 0.140338234601404 -0.778254852620883 302.62308774004 300
-0.271 0.191955618764563 0.0025544791335823 -0.631199448646475 303.765872963869 300
-0.272 -0.0351548312495456 0.0238125769321242 -0.645666084825456 304.140815113649 300
-0.273 -0.0331412488937312 -0.00215319962427521 -0.692636317628351 298.405689592767 300
-0.274 0.0422915014806901 0.188864346393515 -0.579224518857195 310.953089540358 300
-0.275 -0.0635048784061018 0.0677251560282303 -0.684066706970701 303.532547339126 300
-0.276 0.00500767317122191 -0.10967986216541 -0.711812607394552 291.184148708165 300
-0.277 -0.0815214680493952 0.0620905598298275 -0.707922245294844 295.075713764241 300
-0.278 -0.041721804323605 -0.0548980920068636 -0.730016933028662 308.359510528337 300
-0.279 0.0135106624138522 -0.172083031250092 -0.907388904072135 303.605357536867 300
-0.28 0.0598342375697014 -0.04493501113723 -0.806454141169407 306.243696144379 300
-0.281 -0.00569086211061909 0.115751434499968 -0.58257161244727 302.02037270998 300
-0.282 -0.0729240942841703 0.111051081921331 -0.503697451788441 309.926687052075 300
-0.283 0.047983602310429 -0.0728099947943411 -0.564066698214521 313.19745113277 300
-0.284 0.0584909734368889 -0.0141361885985252 -0.559937917628059 302.865734140924 300
-0.285 -0.0614575187157776 0.121373317020466 -0.720397637522729 311.486092634323 300
-0.286 -0.0557281023297343 -0.0913149746210481 -0.727372916871322 293.925951452523 300
-0.287 0.0440691399834518 -0.180615238467735 -0.96806406564142 296.68729752631 300
-0.288 -0.141459535873249 -0.0249063506823231 -0.853772265058134 290.633332087126 300
-0.289 -0.0689140010922441 0.131950228822766 -0.736406753460218 309.693661966617 300
-0.29 0.0464464121979574 -0.0194643522439182 -0.525450032449258 307.670257977227 300
-0.291 0.139360525487676 0.323560684085524 -0.518945134070538 296.28418707405 300
-0.292 -0.00243888003083447 -0.134908628538678 -0.659485735541989 301.434962184069 300
-0.293 -0.0324239763834017 0.157958099961001 -0.671540948624326 291.820888619834 300
-0.294 0.145469202485196 0.0104017138613253 -0.636503787165321 293.750117379069 300
-0.295 0.0468115103478289 -0.0127660409975309 -0.537845704804777 306.36036910806 300
-0.296 -0.0260979538145809 -0.0156219255944473 -0.650970200889149 289.568091001287 300
-0.297 0.00649299628938532 0.067856678861922 -0.563480282998177 307.006355055965 300
-0.298 -0.0560029044616315 -0.0215054912264392 -0.586853694748697 293.63636164776 300
-0.299 -0.0452711439093135 -0.0519451599918446 -0.626622802715204 300.992331773901 300
-0.3 -0.068990854359028 -0.116238873212733 -0.720776216068821 296.773686713222 300
-0.301 -0.128601996724427 -0.016950920229675 -0.573009473109689 301.47694982811 300
-0.302 0.0793961438458706 -0.1906479669371 -0.717401062599245 301.960869353336 300
-0.303 0.0847340525569876 0.215039693901651 -0.541411750924696 293.838494586871 300
-0.304 0.00427040539541774 -0.0641626461603314 -0.398535368148002 302.226066007877 300
-0.305 0.0750355720578547 -0.0460925074911923 -0.58069533837414 304.95848173194 300
-0.306 -0.066498108743738 0.3180800975029 -0.702630926821956 296.889982095769 300
-0.307 0.00301750014891693 -0.0164736218805798 -0.617302876837606 307.158188304515 300
-0.308 -0.166487389757292 -0.174810033893037 -0.68268319441045 305.152841311845 300
-0.309 -0.085702799616387 -0.14679179826156 -0.818178592594372 297.17975493141 300
-0.31 0.0545573018854618 -0.0978410131426689 -0.564932642559803 294.836080549511 300
-0.311 0.0663932807999926 0.00291551563614511 -0.583680295400741 307.541242776288 300
-0.312 0.0120788536631444 0.175722844089503 -0.524941611344285 303.11776964619 300
-0.313 0.0435812763402577 -0.00106532683568992 -0.466779048253566 310.318649581766 300
-0.314 0.027071928370724 0.0914165172978845 -0.442823132049391 299.42015244431 300
-0.315 -0.0607739222537663 -0.309914717169733 -0.822964870330479 291.17608122331 300
-0.316 -0.0854450879481562 -0.15255712534016 -0.747180469772502 299.072427780194 300
-0.317 -0.00329653757178139 0.045288373078973 -0.624738980047449 305.628787100524 300
-0.318 -0.036402436800421 0.0591954733865156 -0.716535292061707 302.991019160077 300
-0.319 -0.0330094362435585 0.227653478441734 -0.580150294645325 303.027989101932 300
-0.32 -0.00841721976358967 -0.0468922047992599 -0.603595285704777 290.938830821817 300
-0.321 0.133023828136033 0.120380741705768 -0.43458576569843 299.2960726723 300
-0.322 0.177465855348605 0.282809340157519 -0.514710640988465 297.59229901407 300
-0.323 -0.0711614425751459 -0.207942853118862 -0.72555254260845 310.24501656026 300
-0.324 -0.0548464734136631 -0.0751155850583167 -0.759226970885385 295.588767332162 300
-0.325 0.0702498288951991 0.151369093734602 -0.596234549995996 298.898317823282 300
-0.326 0.0992680193402169 -0.236452512460014 -0.373868071820852 296.098772626892 300
-0.327 0.0421261110267268 0.179295911102355 -0.64381021918908 309.274753436819 300
-0.328 -0.039111449868431 -0.176905283907746 -0.528285342409308 307.995234624735 300
-0.329 -0.181487190407854 -0.112695879146334 -0.470583713563548 287.139883394765 300
-0.33 -0.0158717524601868 0.06251617753537 -0.653840237965474 311.894420218141 300
-0.331 0.197753424542987 -0.0190423385659478 -0.660649060052703 293.002872311438 300
-0.332 -0.142446486484764 -0.114509986163477 -0.538277466392111 290.116605959161 300
-0.333 0.014280473030283 0.081650299540713 -0.660533351098166 308.782672830502 300
-0.334 0.0685557908578604 0.0231313018673931 -0.461927109882652 294.455861139706 300
-0.335 -0.193245129755013 0.0391311757062606 -0.329888909788012 298.281180936155 300
-0.336 0.107388856688948 -0.0271330411174824 -0.554493269562917 293.910274005967 300
-0.337 -0.0272085513462824 0.0470836344442998 -0.584462007841798 304.865116361064 300
-0.338 -0.137609832169663 0.0872038666657033 -0.625288394156121 306.993582388998 300
-0.339 -0.0212611754163377 -0.310996040771784 -0.740076982698315 295.720700272888 300
-0.34 0.0412634360567272 -0.026195551642705 -0.596807497338011 292.580511842044 300
-0.341 -0.0171040246210488 0.0973103776948994 -0.334032267542931 306.540313753394 300
-0.342 -0.0178675640310282 -0.0292015610676539 -0.513639695186922 310.616494213383 300
-0.343 -0.0231399275269034 0.0367148174586051 -0.612693616865664 310.989500859269 300
-0.344 -0.0128790439163323 0.232090045389161 -0.495790706335473 299.280313869523 300
-0.345 0.176317173018885 0.0576778591446059 -0.379575366683023 302.317631466409 300
-0.346 -0.142377442571076 0.0148518600886069 -0.511351864046036 297.959547765505 300
-0.347 -0.181358499887685 -0.306907512657208 -0.837955452436853 308.063877383938 300
-0.348 -0.0521604667368373 0.115833966174098 -0.577967835359125 293.906377971934 300
-0.349 -0.0250356135956929 -0.0129130832973924 -0.427212397920574 303.442154879292 300
-0.35 -0.00255110556907172 -0.0691315561785471 -0.79428319847088 290.699767583026 300
-0.351 -0.0270693387410757 -0.0763922364703051 -0.542806900467657 299.578500254565 300
-0.352 -0.114913458779199 0.321940201787418 -0.469973030991046 292.593792031932 300
-0.353 0.249572966298379 -0.110164044226044 -0.633411213471815 306.144299429157 300
-0.354 0.0695255637541419 0.014934200850935 -0.467519874965923 286.370339126538 300
-0.355 0.0510708891462836 -0.1062106665176 -0.644547602658989 296.90639264322 300
-0.356 -0.142775779582234 -0.00618447326574437 -0.601251469351985 301.080611894719 300
-0.357 -0.0997347575528108 -0.0836375556043868 -0.409568844801408 307.759430651614 300
-0.358 -0.00503463032431028 0.181155530589696 -0.396965792300137 290.400793845545 300
-0.359 0.02509095121621 -0.117302943463377 -0.506619052094197 309.41939312829 300
-0.36 -0.0602865133006791 0.00614608903315572 -0.506169039295485 310.075168744942 300
-0.361 0.0206364189327141 0.0351324183225598 -0.638636693676496 308.153636666478 300
-0.362 0.0225209430408165 -0.168065966950775 -0.567880502081711 289.51546921707 300
-0.363 -0.0787878398242174 -0.0951740441307387 -0.559597219468505 303.415887994903 300
-0.364 -0.00367205339785603 0.159712996341275 -0.406094361322104 307.862729851488 300
-0.365 0.0564907606340994 0.254596827646523 -0.375424281244246 313.855455816711 300
-0.366 0.0821600557016341 0.00877625156895904 -0.502185592085661 301.379137053372 300
-0.367 -0.0989731659440831 0.0157320174943894 -0.546900109468028 292.859810932596 300
-0.368 0.0695068448181437 0.113484709530241 -0.651021303475171 301.765431198766 300
-0.369 0.067029385148501 -0.0693985500468165 -0.506146089670828 293.899859272777 300
-0.37 -0.243954863377934 -0.181372972165318 -0.588937004013524 296.427605144869 300
-0.371 0.114837438916393 0.0259812599639944 -0.411500045565266 309.87436159342 300
-0.372 -0.0096146993953047 0.287940261590328 -0.404045075259424 291.344058174831 300
-0.373 0.0124662221769023 -0.0970053291081556 -0.404256613817031 302.077321025622 300
-0.374 0.12692345853539 -0.09282003177892 -0.627161356489799 297.431033670705 300
-0.375 0.0496222969022821 0.0744485064915419 -0.545437216093537 301.534789459634 300
-0.376 0.0738488689663025 -0.126328620706482 -0.42197213381246 302.553796081527 300
-0.377 -0.00100162444102865 -0.108340581636216 -0.643302417583435 302.42996333544 300
-0.378 -0.0278436869823417 -0.0480176468174541 -0.479715817501638 296.011559778566 300
-0.379 -0.0992021505498923 0.0250485608620951 -0.434923222624014 295.17491104277 300
-0.38 0.0886071589059663 0.171119831378064 -0.483518454666543 295.669111839258 300
-0.381 0.000695278463634729 -0.00672461685666936 -0.506903565302851 299.930388808067 300
-0.382 0.0764211680772753 -0.218792540881563 -0.543423510980948 301.234289351266 300
-0.383 -0.0157376415995249 -0.0685491445534002 -0.604327918772235 289.748857940226 300
-0.384 0.00500597775561342 -0.106117159805074 -0.451248691370978 289.343737585066 300
-0.385 0.0561997745608742 -0.0699594396762788 -0.378833141077161 312.039020831906 300
-0.386 0.260287570195044 0.101811636986565 -0.575197368950427 290.318952581285 300
-0.387 -0.170189589541814 -0.0482371853819218 -0.380331029131624 305.629034564192 300
-0.388 -0.0912568735689436 0.0157281948489391 -0.457748830502089 304.207175227457 300
-0.389 0.0791810185800222 -0.0241553146929882 -0.666907723052333 308.943048931986 300
-0.39 -0.18559732491774 -0.34635463760705 -0.488443895016594 297.534593063253 300
-0.391 0.0504210159215715 0.0707464563079683 -0.473786693981795 303.595876952771 300
-0.392 0.0716941105774675 0.114486472016286 -0.515707648617098 308.356121218703 300
-0.393 -0.154294224624416 0.154650484174598 -0.280578047835338 289.962456916826 300
-0.394 0.105823639261241 0.0991850737040987 -0.260833388765557 290.200823941662 300
-0.395 0.116874141220731 0.165526170200772 -0.616769775175626 309.573332551639 300
-0.396 -0.0578645302812664 -0.0638688024213956 -0.47957722109837 310.884507446621 300
-0.397 -0.0467505746464458 -0.237043241768242 -0.642144972719444 297.440297244801 300
-0.398 0.140482142524369 0.130134718631421 -0.364655896547475 306.720579573983 300
-0.399 -0.047416862693197 -0.142410239644863 -0.325431030934235 297.113208118134 300
-0.4 -0.211496944317262 0.0319036457078177 -0.389417940809099 303.933807476186 300
-0.401 0.0455081499448209 0.174077303685077 -0.446382123149846 295.130002045472 300
-0.402 0.105234822629817 -0.0884512804802848 -0.340579592745706 309.264872466364 300
-0.403 -0.0446667537686622 0.139972670865532 -0.441302580734598 295.252001170431 300
-0.404 -0.0773463588306472 -0.059339718277947 -0.694999601078802 292.144054883891 300
-0.405 0.0610093925078729 -0.150404257933141 -0.470087262047561 290.987310868246 300
-0.406 -0.152969905662738 -0.178813679432983 -0.492818729229603 309.512088836596 300
-0.407 0.144338435329604 0.197127303021415 -0.526700555342527 312.155550069964 300
-0.408 -0.0653276262266684 0.179862042779387 -0.501366364228966 289.440472366839 300
-0.409 -0.0857399828500093 0.052406008934243 -0.429333339421964 307.272362912924 300
-0.41 -0.0783026470552065 0.146540883590058 -0.537440919656333 289.83552763478 300
-0.411 0.119389369408317 -0.136082027285113 -0.468229349229457 307.094759095755 300
-0.412 0.0112314053040284 -0.0226425902349681 -0.391143547271584 307.63349494194 300
-0.413 -0.071845604356066 -0.0866500807985945 -0.716302804488465 292.55313744733 300
-0.414 -0.136694373274825 0.14995801332529 -0.439371093189917 299.441651034193 300
-0.415 0.247105943427833 -0.0805418780446099 -0.264991731608724 297.315540897699 300
-0.416 0.0775935444517147 0.249732375806519 -0.420167075700595 304.017054119554 300
-0.417 -0.0517228710241355 0.0993732134826571 -0.425217547053356 288.810338349012 300
-0.418 -0.222468305246156 -0.164703029431595 -0.579949641109345 313.169184874907 300
-0.419 0.189993010261617 0.0432876747217003 -0.635771010368778 304.622358461867 300
-0.42 -0.111887242177191 -0.123889613539546 -0.591605855821097 304.495288344136 300
-0.421 0.0243993413143 0.104509616882518 -0.379950302535355 304.897864860795 300
-0.422 -0.14161420100283 0.0318856772730379 -0.469485208946285 300.946491664609 300
-0.423 0.0941827190086007 0.0259165942161468 -0.411453055052726 304.353596747586 300
-0.424 -0.0358519000927901 0.105192111843744 -0.285358380550373 307.34436961016 300
-0.425 -0.0249627933362283 -0.0475381895210999 -0.533806003310715 304.256918005121 300
-0.426 -0.117332466228759 0.038374429530538 -0.560374096217037 291.299754663085 300
-0.427 0.0245409320957186 -0.122014251057129 -0.503661056395019 299.288049030626 300
-0.428 0.113422011523398 0.0702258381313068 -0.296731443504732 311.934848585662 300
-0.429 -0.0953508768840756 -0.0011348723035199 -0.460840232293526 291.407135625835 300
-0.43 -0.172073460108737 -0.0102229368911091 -0.421850990605931 295.039891040348 300
-0.431 -0.021144762664761 0.0238737953448173 -0.430887353705393 294.010380862953 300
-0.432 0.229744861464631 -0.0964665736043636 -0.593801575075432 299.14963865247 300
-0.433 0.0698472879919615 -0.0535080682838835 -0.579991758922826 294.327654242268 300
-0.434 -0.103306739997215 0.0760470622531449 -0.39869955071122 307.886436353856 300
-0.435 -0.00154727274660774 0.17147225599177 -0.569831478738111 298.707803886842 300
-0.436 0.027808720747455 0.111133122133887 -0.291163284837256 306.676989203735 300
-0.437 -0.117351245251096 0.0440205346252889 -0.306799023730749 289.268224493517 300
-0.438 -0.0604633917819592 -0.112861441723841 -0.472209593766774 296.412180922764 300
-0.439 -0.0869367038529418 -0.0458666556940742 -0.562231168930412 291.006634414841 300
-0.44 -0.0753393916055654 -0.191449580329679 -0.45738699652017 300.908936037172 300
-0.441 0.0209707234549412 -0.171547881898343 -0.539518786886291 308.273603722686 300
-0.442 0.0407443627694145 0.0533307987569116 -0.433401124388918 309.218754130377 300
-0.443 -0.0524465399788904 0.146284287524203 -0.395470080759995 289.46667063991 300
-0.444 0.0616891833279269 0.168450040368199 -0.371488478554191 311.616482814915 300
-0.445 0.0113554132667365 0.0930578324540437 -0.373966875667297 296.012186534963 300
-0.446 0.104589688328815 -0.198645363891582 -0.546717339977699 303.444573522584 300
-0.447 -0.136509907108952 0.129925568543006 -0.54852650590946 295.365057211673 300
-0.448 -0.0465689009634879 -0.0175645150217693 -0.494163766473019 291.994161440528 300
-0.449 -0.117061844068601 -0.0393058140130165 -0.458166953315608 286.926630137275 300
-0.45 0.155600727292768 -0.0540195967912071 -0.464483884076084 310.754782641713 300
-0.451 0.160996884818506 -0.0159083910041456 -0.330808573797029 295.349772908534 300
-0.452 -0.0439860046502802 -0.177041543931491 -0.64929454067822 309.18482986467 300
-0.453 -0.092921140854423 0.0627243822216951 -0.470642241670586 286.092740923868 300
-0.454 0.0614962237847164 -0.136870719993177 -0.426142548597278 298.20652516324 300
-0.455 -0.0298678550810839 -0.0872783858676988 -0.330545092119026 299.895529598131 300
-0.456 -0.0920780326748444 0.000623756085512258 -0.338312781366425 299.774277061942 300
-0.457 -0.0805983731085903 0.22040628576501 -0.385798931453235 305.744439674458 300
-0.458 0.0108450674073546 0.0150078562341598 -0.516038633911942 288.346951715431 300
-0.459 0.0315708737589167 -0.0100892868446523 -0.492159029863566 305.071089279787 300
-0.46 -0.0422459929170567 -0.149592446764104 -0.454447750768852 311.060426374044 300
-0.461 0.0185291842565035 -0.00325964710714923 -0.59020576872795 303.192443114195 300
-0.462 -0.0248604268076021 0.0311210882671095 -0.32209857085487 299.629448023962 300
-0.463 -0.00160258425762752 -0.114590787730651 -0.42749248362848 304.053602844413 300
-0.464 -0.0350995657045057 0.0764131462039275 -0.426537983593075 290.606368803689 300
-0.465 0.0711314995028522 -0.0699098442460921 -0.599259768205188 303.157225721025 300
-0.466 -0.00926930501844262 0.191269175280904 -0.45221758187712 305.749224032762 300
-0.467 0.0302237516482233 0.108421884854514 -0.508414414619106 310.149407185055 300
-0.468 0.0338421140282751 0.0678821139743303 -0.513471379948717 308.768273628177 300
-0.469 -0.0201763203096468 -0.0858520235763015 -0.526151023523246 297.63948862047 300
-0.47 -0.00467419463320322 0.0332211644314075 -0.420945788974659 300.55024053335 300
-0.471 -0.0760042284648077 -0.132060448307252 -0.555612220273855 298.23999480497 300
-0.472 -0.00368349877516758 -0.00728306067855545 -0.419733485691249 294.287199428845 300
-0.473 0.0602208493484113 -0.155175643714306 -0.473424963562105 299.281942646242 300
-0.474 -0.157889365986529 -0.0380751953222299 -0.416086907180214 307.903756171807 300
-0.475 -0.00368209766197378 0.110472034067193 -0.525235703444508 292.955195339601 300
-0.476 0.0615318539020146 0.0388915979118019 -0.480910955517847 297.588749000107 300
-0.477 -0.105371199981888 -0.0863599256731933 -0.574108352446562 313.582216547803 300
-0.478 -0.185637076768255 -0.029586320220863 -0.40880278984269 306.9248158029 300
-0.479 0.162233074003296 -0.130130754783256 -0.498529469714108 300.662324883058 300
-0.48 0.0589844386398206 0.00709800796280384 -0.374365744437496 309.646679820151 300
-0.481 0.0334801740242186 -0.126949814399817 -0.487625297854311 301.664179343859 300
-0.482 0.0176131652891101 0.234839754552914 -0.343913288666291 313.587868132059 300
-0.483 0.0326493866706199 0.0456458678471185 -0.310736103723777 293.387921740741 300
-0.484 -0.103731224296028 -0.0236490680160511 -0.420515296922943 308.339225741465 300
-0.485 0.00721952245274964 0.129197530191294 -0.481928189282286 311.926467599253 300
-0.486 -0.136587107168139 -0.156005725573037 -0.467956619555139 307.777942826347 300
-0.487 0.0754768321491824 0.0742212772167716 -0.35722407807533 309.432430037329 300
-0.488 0.109265042065337 0.0283999375356274 -0.185377524763279 302.72957553383 300
-0.489 -0.119998049402056 0.0450308561820713 -0.508117242425035 302.952637896906 300
-0.49 0.0187766342847866 -0.0364348922392188 -0.395030536723807 296.687854748931 300
-0.491 0.0411778732416912 0.130492705580025 -0.344732385144622 313.970639141779 300
-0.492 -0.0516760589263144 -0.15434066057336 -0.481503041296447 303.588552384011 300
-0.493 -0.145324819653982 -0.0107868297157302 -0.495256878468458 308.0707253979 300
-0.494 -0.0958122504267078 -0.0389616889588553 -0.556061791950141 282.794124505787 300
-0.495 0.0427054052423782 0.110034244421893 -0.476087197477953 305.252125037966 300
-0.496 -0.0281126391768048 0.0826032488879938 -0.36272899168446 308.565999620591 300
-0.497 -0.224174663333813 -0.226686993976399 -0.450862510799399 301.379605485426 300
-0.498 -0.0185645237684099 -0.156103930536864 -0.687314329921894 304.938193716099 300
-0.499 -0.175165610561741 -0.0121222918265704 -0.433977241179399 310.735086027399 300
-0.5 0.172212908035044 -0.0698255190338055 -0.335574059393718 294.996084673211 300
