# Fix print output for fix def1
0.000999999999999843 -1.11864378244634 -0.2481196035342 -23.7440013245729 2419.19812526787 2400
0.00200000000000004 12.7106217250672 14.0068632221095 -26.2808666539657 2404.09631621379 2400
0.00299999999999988 -5.44602551383812 -5.36754437208593 -21.7320762584291 2357.9220539763 2400
0.00400000000000007 -5.06679177600823 -6.8959725735909 -21.6849413156177 2414.87502276976 2400
0.00499999999999992 7.62511002273104 7.55689061038764 -21.8221206909026 2491.30782324643 2400
0.00600000000000011 2.12635724395384 2.9224777897371 -23.2239489593666 2416.1827598875 2400
0.00699999999999996 -6.93392218377777 -6.57498423268901 -19.3856784311846 2491.48311352844 2400
0.00800000000000015 0.153312979967455 0.545269290576617 -19.8259570762615 2439.59160843251 2400
0.00899999999999999 5.07621035620918 4.10572030518057 -18.2900222933794 2385.65920046784 2400
0.00999999999999984 -0.208645654466287 -1.01454682049099 -16.8109561549973 2366.75898403846 2400
0.011 -6.18870045428165 -1.80594547323777 -17.7533998537767 2419.84994813059 2400
0.0119999999999999 4.10803761341806 1.01791286497789 -19.3413586311638 2459.92151909224 2400
0.0130000000000001 2.683849945885 2.97016353993665 -17.7997639659839 2347.52505494763 2400
0.0139999999999999 -2.84604706711788 -3.63525904258518 -16.0471558733265 2397.98186111631 2400
0.0150000000000001 -1.62229108306862 -0.682998195770982 -13.8054592267634 2387.55476088924 2400
0.0159999999999999 4.00130067624763 3.60699591172299 -13.5217045163521 2393.64562773868 2400
0.0170000000000001 0.741154619452708 0.537616324270509 -13.0673643372164 2446.03349070534 2400
0.018 -3.22507552506716 -1.7903207448452 -13.2134584074046 2327.12222678491 2400
0.019 1.95441812555249 -0.118080486782763 -11.7946029127839 2439.52700603841 2400
0.02 1.52254117414262 2.70576388810019 -11.5613031457659 2355.2843688826 2400
0.0209999999999999 -1.34862344100951 -1.53230539653398 -11.1530803822194 2450.63370563696 2400
0.0220000000000001 -1.90110222646288 -1.7875026894202 -11.0571800146263 2309.7427771957 2400
0.0229999999999999 1.4592383575147 1.09583164232099 -9.86785123609024 2347.35770978305 2400
0.0240000000000001 -0.226806706936221 2.05237181776512 -9.27490734361771 2461.82503244303 2400
0.0249999999999999 -0.456170237351586 -1.88025555340985 -7.91899472009083 2417.69844935576 2400
0.0260000000000001 -0.741434893593394 -0.730786504867812 -6.47122037864508 2362.37281244498 2400
0.027 1.59915400972189 0.423343158266641 -5.62039553991225 2387.95999775616 2400
0.028 -0.297514584162668 0.570753335009182 -4.49777896336169 2353.4511745148 2400
0.029 -1.44855862635636 -1.91915735628462 -4.38350548438501 2453.58398076202 2400
0.0299999999999999 0.248022698662631 0.633859048749257 -3.81218470370198 2329.89012009244 2400
0.0310000000000001 1.08639630760831 1.59318144908232 -3.96088052643906 2411.70655335295 2400
0.0319999999999999 -0.134697663264432 -1.89030393522257 -2.2151700343702 2454.85293272215 2400
0.0330000000000001 -1.84404578555576 -0.34478331547035 -1.32778164416313 2403.2075777412 2400
0.0339999999999999 1.5476098573841 0.850645537778047 -0.830756380955336 2344.65167267255 2400
0.0350000000000001 -0.226345565470733 0.42242409201471 0.111589123290963 2439.0677162153 2400
0.036 -0.432991665331011 -0.843806016968656 0.930109202163019 2427.03504035808 2400
0.0370000000000002 -0.54161291612276 1.63129327731924 1.65528978441408 2459.58683154125 2400
0.038 1.90044748863265 -0.14424255097042 2.40818542776473 2434.39588280756 2400
0.0389999999999998 -1.62819552766531 -0.366150261753019 3.06181355108906 2386.10308600308 2400
0.04 -0.273160613744748 -0.450668024525681 3.81196308336855 2366.1534612685 2400
0.0409999999999999 1.37014210195776 1.33528339921289 4.73191048975922 2392.70520608845 2400
0.0420000000000001 0.583817622054881 -0.377690058569005 6.00486519726258 2422.13586454751 2400
0.0429999999999999 -1.0923058726888 0.390681268345683 6.79988079332232 2363.40107270102 2400
0.0440000000000001 1.56680451138166 0.711791628752071 6.39829537746206 2342.73135700353 2400
0.045 -0.688177254861877 0.589010062287148 8.16132195338658 2364.70089089343 2400
0.0460000000000002 -1.83919230021508 -0.362236382443118 8.63664102864319 2363.87493417962 2400
0.047 0.817248194904346 0.428655407223972 8.46627743715989 2356.09152276844 2400
0.048 0.556265987587594 0.0713994655377631 10.0213709521244 2328.40836542767 2400
0.049 -1.29337990496296 0.00293685948673769 10.5847098496316 2403.96606261308 2400
0.0499999999999999 0.262941582341452 -0.287386348202821 10.5337308971157 2418.19583008311 2400
0.0510000000000001 1.17916200798484 1.12851720908515 11.4129665718915 2447.06329955405 2400
0.0519999999999999 -1.30516575038059 -1.68936716688523 13.3947764655311 2445.68819634824 2400
0.0530000000000001 -0.0816536145873433 -0.164579290065249 13.8751211227152 2371.22677270983 2400
0.054 2.0822503173657 1.5116167917738 13.4024010020616 2403.28245930796 2400
0.0550000000000001 -0.613880538090504 0.239367996094456 14.9287745382438 2299.62220541644 2400
0.056 -1.84276333829649 -2.28914005022126 16.0298874397084 2495.76541354634 2400
0.057 0.598985611774509 1.64627464803619 15.9674883941296 2356.90253341196 2400
0.058 1.23802027697646 1.85715792887598 15.5586928144698 2330.09453421759 2400
0.0589999999999999 -0.365498339369352 -0.580072761358591 16.8556066773676 2468.52053347117 2400
0.0600000000000001 -0.24335141436986 -1.48295478099229 17.9569003661221 2384.67344434785 2400
0.0609999999999999 1.55909580850085 2.04251413088329 17.6896161929643 2459.94628616595 2400
0.0620000000000001 0.555474457190911 0.429923926322811 18.8195169859158 2388.57823571587 2400
0.0629999999999999 0.0125359763556566 -1.12706544902268 20.6275696272024 2450.08434615413 2400
0.0640000000000001 0.29237899315544 -0.542771051232154 21.5673316740077 2390.32998918127 2400
0.065 1.5394998078598 1.38580857304362 22.2004172968783 2438.68781748006 2400
0.066 -0.0625919693514158 -0.167601971574791 22.0692022740246 2482.69135532388 2400
0.067 -0.50144514895912 0.0613973630658782 21.9214044992747 2421.24979307513 2400
0.0679999999999999 1.20427830768026 -0.522527701909806 22.062992604492 2365.23818601032 2400
0.0690000000000001 -0.0146466208677956 1.30554542717504 23.3389677409805 2466.62704369485 2400
0.0699999999999999 0.025345816728881 -1.56358840046521 24.3605461065212 2317.66909855182 2400
0.0710000000000001 -1.04357806654202 1.30981697223077 25.4521761112482 2304.90863455494 2400
0.0719999999999999 1.19129719926402 -1.01161930821674 26.4755855155414 2461.85663996436 2400
0.0730000000000001 -1.72288648151794 0.298948254802213 25.1091011213683 2441.95124777922 2400
0.074 1.38478586133726 -0.0363870312570159 25.0172725333825 2454.44175679694 2400
0.0750000000000002 -0.905944338792489 -0.113178554573201 26.7020289483419 2424.80069764632 2400
0.076 -0.448052896867644 -0.475431579290457 27.4272615319974 2441.09369807893 2400
0.0769999999999998 1.10699418828808 -0.0792834862081462 28.1722866252198 2379.18654099065 2400
0.078 -0.886722831495113 1.18377120868519 30.0742525623401 2351.05371550657 2400
0.0789999999999999 0.119750731245575 -1.8833246795931 31.7581140152104 2445.10726197866 2400
0.0800000000000001 0.330898558540792 -0.0547729644243177 31.7184329024603 2393.76277234481 2400
0.0809999999999999 -0.218121418524976 1.38792780377264 29.7229791442669 2431.70362344922 2400
0.0820000000000001 0.14887835661562 0.128714879226245 30.0072962391253 2399.16707652289 2400
0.083 -0.736444838270245 0.0320761859070333 30.6353184764371 2437.58516145034 2400
0.0840000000000002 0.899464925973921 -1.33212093618623 33.3529943235006 2329.97859412811 2400
0.085 1.06605387543971 2.05394080208165 33.6815650414771 2456.31304302203 2400
0.0859999999999998 0.0337758674707423 -0.341525582148163 35.5177764822551 2399.07426202988 2400
0.087 -1.61777640893591 -0.724945359310531 33.9529474136473 2470.17302401405 2400
0.0879999999999999 1.91906544797589 1.07867002626116 35.3902749246158 2339.65424524953 2400
0.0890000000000001 -2.17342215934398 0.764658694488314 34.7524326986638 2339.05492468448 2400
0.0899999999999999 0.19001978253721 -1.93714988951958 34.546578924587 2413.27186243453 2400
0.0910000000000001 0.325363581742612 0.845779329856829 35.6277819257079 2459.22387507753 2400
0.092 1.05403761124965 0.0949770940071966 35.9278993208279 2448.71448924641 2400
0.0930000000000002 -1.07104291893288 0.0862752777160166 39.541550705085 2315.97782312584 2400
0.094 0.0850309476384554 -1.84146049073486 38.5631210768848 2402.10490536894 2400
0.095 0.172485795561618 1.69739836721114 37.2027802340976 2478.93077423255 2400
0.096 0.553106824542453 -0.577399822466868 38.0577568441554 2348.97316129087 2400
0.0969999999999999 -1.20638290363759 0.0923134686507983 38.7032407362858 2453.28429731675 2400
0.0980000000000001 0.878225098163419 0.434810287240764 38.7854388093295 2436.12076854065 2400
0.0989999999999999 0.462238488348706 1.57558252880751 41.0143159098237 2434.56261621936 2400
0.1 -2.45823361461588 -0.71379409466216 43.4951997931161 2489.24251273413 2400
0.101 0.688053018482456 0.469560528991682 42.7125178506344 2303.20682543775 2400
0.102 2.23592599270792 3.73006078993497 42.4966354019348 2286.01725509464 2400
0.103 -0.714523837384463 -2.5297555722349 42.4410479388167 2295.49829617459 2400
0.104 -0.162115489091726 -0.517078957758293 41.5631289358905 2453.0214347319 2400
0.105 2.56792743995193 2.19249413047831 42.3702943202426 2481.88288280667 2400
0.106 -2.33180076363753 -0.647263152199521 43.1337885808934 2406.38467131335 2400
0.107 -0.307621801538703 -1.14889355357724 45.2564949514185 2432.10397561657 2400
0.108 1.56869712034039 2.67794584289388 43.2249157028476 2356.48583837899 2400
0.109 -0.822447059277265 -0.195507696344202 44.4260619891371 2362.12365128157 2400
0.11 -1.07264920580403 -0.578618512881102 45.9371255897199 2383.98895885145 2400
0.111 0.940565620949851 1.06094292739982 44.2100917221794 2389.64513650687 2400
0.112 0.286492645249681 1.31282870280561 44.92103251639 2456.19009584177 2400
0.113 -1.60516672109271 -1.83915073239825 49.4568709985217 2321.81335591009 2400
0.114 -0.0187254230093765 0.231967161440089 50.3599208436756 2316.23378417178 2400
0.115 0.701945262791125 1.18753734998312 50.9334166606998 2324.45145287184 2400
0.116 0.65676560720145 -1.06833407916501 49.3232429480487 2377.82539468266 2400
0.117 -1.37087104532628 -0.78787999302103 49.597807597405 2360.81934719529 2400
0.118 1.91737170398773 0.714048163507962 47.913096760095 2382.55603296011 2400
0.119 -1.49956783083212 1.22798789197015 48.3170326459884 2314.28266376223 2400
0.12 0.744479665599814 -0.884973385674975 51.9854037551794 2383.31431581137 2400
0.121 -0.194867242759141 1.256242511847 52.701063873626 2344.60340463008 2400
0.122 1.20593987564397 -0.776273865875168 53.9500169053139 2373.18121585383 2400
0.123 -2.36116470002738 1.3569863454169 51.5277037662664 2347.73673460938 2400
0.124 1.46114432800451 -0.212400094893914 50.6676171681566 2424.73518601825 2400
0.125 -0.516498060292173 0.229999206060107 50.6916555185528 2435.89840294754 2400
0.126 -0.870813824971388 -0.0734206877486409 54.7832888307761 2377.46508391834 2400
0.127 -0.228187858434937 0.303489912169364 56.0225233280826 2290.40969009553 2400
0.128 0.0652638239269625 1.27037382635555 56.7346217538408 2363.94693701814 2400
0.129 0.438362229658424 -1.04246671277004 52.5196836775798 2388.4145558529 2400
0.13 -0.668608046983478 0.472857104426942 54.2478954852458 2467.07455658649 2400
0.131 0.82777899130397 0.527448461125648 52.0486836038653 2298.96301214372 2400
0.132 -0.179593728856434 -0.212738631834878 55.8728774356019 2320.85383726854 2400
0.133 -1.0919610900766 -1.10014565569541 56.028314315344 2456.90604679237 2400
0.134 1.12463887999603 -0.730159650986576 62.1890959618115 2340.5262375546 2400
0.135 -0.751475348924481 0.841781729446072 57.7408833382224 2336.92210638637 2400
0.136 1.09577688468318 -1.95931600229144 57.1100969146679 2322.82499366171 2400
0.137 -2.16553596383087 1.53723730645901 56.6442242119134 2325.64917044072 2400
0.138 1.46167819326817 -0.794866554256323 55.6670415789598 2340.21281640438 2400
0.139 -0.601569460189273 0.250730792981295 60.225142618104 2479.30260842433 2400
0.14 -0.757306617114251 -0.916097275219886 60.9501089035996 2493.77736015915 2400
0.141 -0.439230140825497 0.0418110014448886 62.2590268568641 2487.39417467302 2400
0.142 1.36267621578067 0.150968847629355 60.2951718394337 2505.28687031006 2400
0.143 -0.435479793378282 0.473071775607975 60.587373915249 2426.96693528085 2400
0.144 0.154860886882181 0.244938192172315 60.0092430056806 2414.83590576196 2400
0.145 0.787112337364389 0.828679014157658 60.2273804713881 2464.69348909512 2400
0.146 0.0234224284066334 0.144923018846734 62.7745873463875 2333.90058845939 2400
0.147 -0.0859141291484994 -0.887768851663242 64.8711843650065 2358.01243073893 2400
0.148 1.96566515693776 0.898681857622104 62.4891775233604 2375.91821657558 2400
0.149 0.567902749856002 1.01797994581052 62.8733350407994 2326.64555713147 2400
0.15 -0.336188229280677 -1.58472580558516 62.3371480949375 2307.7500638954 2400
0.151 -0.256543576186855 1.36273241737728 63.5630162738102 2427.79686674005 2400
0.152 1.24928403835785 -0.0570235152526431 63.218150494458 2363.97598241386 2400
0.153 -0.855701492128882 -0.826285274602426 69.0045504572254 2433.95387280666 2400
0.154 0.428619394147269 -0.00396759644511822 66.7809353107097 2386.55252263044 2400
0.155 0.997315853782321 1.05414261860265 66.7042665990532 2373.81277268727 2400
0.156 -1.37736434008434 -1.27888955697673 66.6663630063637 2443.33000736605 2400
0.157 1.37189484514391 0.645939386277027 62.6690136759053 2313.85232813521 2400
0.158 0.101915332547741 1.50716231890496 63.727916656705 2354.10127544505 2400
0.159 -0.252770135828251 -0.947615116299427 70.0126277559608 2465.43717179926 2400
0.16 -0.322820644973125 -0.127492285752084 69.5476308259136 2435.24027584005 2400
0.161 1.13979465043086 0.882149290124189 72.7560900858523 2452.93434505314 2400
0.162 -1.31513771942172 -1.17411420824579 72.1582056019509 2468.15926567189 2400
0.163 0.4504477033936 0.32436183491953 67.7739018550877 2321.86136875861 2400
0.164 0.449101144105553 0.76970225509031 69.6445772826312 2440.3172172531 2400
0.165 0.506321355491601 0.043693435425975 72.6214091946211 2401.56658999725 2400
0.166 -0.281731483629982 0.10339401769595 76.0608327470441 2334.76636769106 2400
0.167 1.06505293187067 0.514653667045259 71.6794187374622 2436.32315658223 2400
0.168 -0.357400730551882 0.12827660767316 71.062278723986 2353.5012039407 2400
0.169 -0.152532797292324 -0.631110855418037 70.2190026800201 2416.66763947466 2400
0.17 2.40420676158281 0.68657968769534 71.0284835257943 2478.30296704691 2400
0.171 0.0022314530259557 -0.118121787581122 75.8366720553608 2400.41577744353 2400
0.172 -0.0459393017499261 -1.00073521529039 78.4490595005295 2344.02996907696 2400
0.173 1.24880104404869 -0.145192526527477 78.1205728507038 2443.50105947292 2400
0.174 -1.08520694380925 0.248890665545796 77.8611141225959 2370.40973077174 2400
0.175 0.638700818481419 0.211127454282474 76.518226176019 2345.23717398907 2400
0.176 -0.319182822903107 0.122361118889212 75.9967277859436 2394.04718107674 2400
0.177 -0.340558567310941 -0.439032324729911 76.3843396613969 2439.67473248303 2400
0.178 1.20610052853002 0.85332392146464 81.5765936543112 2392.46053334675 2400
0.179 -0.633547322120835 0.0308673879519742 78.9048522442392 2364.4727338437 2400
0.18 -0.40001396698596 -0.910669055875871 77.8149355967203 2363.31559780281 2400
0.181 1.00579842626882 0.369424840739688 77.7069794071249 2390.76833687458 2400
0.182 -0.35499604630948 -0.683988550095075 80.068464229898 2452.42233923559 2400
0.183 -0.880893488806938 0.392285084438683 79.5647740836708 2474.52182768763 2400
0.184 1.11773604678636 -0.19880143567587 80.8527509852688 2501.31497994241 2400
0.185 -1.64905333908639 0.501695302704918 81.9550142104172 2380.94781164248 2400
0.186 0.10506606887421 -0.064194110709257 80.1648519101172 2353.54344565597 2400
0.187 0.112994655834978 0.516723558093495 82.7290027953191 2357.71289592839 2400
0.188 -0.0460736834534518 -0.200900753281546 79.5986666541642 2343.93474719772 2400
0.189 -0.0276368493747031 0.31053536245885 86.2867901544031 2411.62246473235 2400
0.19 0.74396181203937 -0.516335705977147 85.5189241939653 2428.57294016837 2400
0.191 0.13191901683213 0.54219684043618 80.1761963391043 2449.93083613492 2400
0.192 -0.0469490597161088 0.824413970769541 84.2452254633705 2451.78500221928 2400
0.193 -0.287435098343214 -0.520999474012601 81.1464668913927 2324.09961506364 2400
0.194 1.25654174695636 0.225837420134161 81.532234619742 2374.51136691569 2400
0.195 -0.572116924987824 0.550213019889522 85.9488595745219 2282.36252133044 2400
0.196 -0.626834532284255 -1.34580190035773 86.208587613171 2468.76686508176 2400
0.197 0.145657575490864 1.39082264925557 84.4656975286486 2464.59565525115 2400
0.198 -1.10062183362071 -0.0400954085096141 88.0414164326004 2384.17698439811 2400
0.199 0.54295419823948 -1.37065287000958 83.7287924434929 2471.59835771391 2400
0.2 -0.0731510309737726 1.59593016088966 83.8135896016965 2477.70766529967 2400
0.201 0.556934588499188 -1.35898767780112 86.6582480343358 2320.13476909045 2400
0.202 -0.319593336132102 0.759090841741439 88.0927032143495 2398.06233785009 2400
0.203 0.976667842793043 -0.159042662975466 87.7077079312138 2505.48394776788 2400
0.204 -0.470375458199121 -0.865448261452322 86.2840613237177 2471.9362644687 2400
0.205 -0.677410313527112 1.51154880134554 85.6276216787009 2364.47158619755 2400
0.206 1.55735618773104 -0.529106590267805 91.8027346708087 2305.91534551205 2400
0.207 -1.18168709664264 -0.810478127549407 88.0611916378043 2325.48149542663 2400
0.208 0.309572547143392 1.23457713807227 84.6993742477031 2371.94110009169 2400
0.209 0.494141107929534 -0.694771775870888 87.8038656547535 2393.86353748554 2400
0.21 -0.142239410492389 0.537672316273157 84.850216236528 2366.8078386069 2400
0.211 0.671102917685565 1.49143919544264 89.3582047655813 2438.25128385338 2400
0.212 0.235961170128557 -1.18331233681412 88.5553939318903 2411.60069803338 2400
0.213 -0.884834935100682 -0.411010839298785 86.3173866690953 2399.66923236348 2400
0.214 1.10467734047166 0.799967558227026 82.453097774857 2413.8993770662 2400
0.215 0.102667710307874 -1.7475031995943 68.4132866611299 2476.65413646241 2400
0.216 -0.677525747041516 0.21817053479991 48.2845050412972 2336.90402856336 2400
0.217 1.13737101600805 -0.0161221007158845 24.4189589916246 2364.01881685229 2400
0.218 -0.375784818858029 0.66863945351738 6.1482737312771 2466.2755421691 2400
0.219 0.00128969526208882 -0.885166592802653 -27.7476721316588 2462.33895075331 2400
0.22 0.11563967462839 -0.736741330451581 -37.1100070665811 2322.01514419202 2400
0.221 -0.0857082449055016 0.440350318896619 -4.70957903450388 2383.08687758849 2400
0.222 0.738547543304362 0.220060661334151 -1.53905215073388 2473.19134836812 2400
0.223 -1.66701691976986 -0.706413645267807 -6.93378838927522 2460.77818164461 2400
0.224 0.852868597425662 -1.00541451329156 -0.96466191888381 2377.04569125556 2400
0.225 0.909858833075397 1.68509880280305 2.67293690368619 2418.12748751607 2400
0.226 -0.43568309414787 0.201738229605485 5.76398706974633 2446.86633311653 2400
0.227 0.0775818832652755 -0.116137875817491 8.31129155102512 2495.11292720225 2400
0.228 -0.356627643194924 -0.284207889007281 5.73086629928303 2314.30307525303 2400
0.229 0.152190386973841 0.632719162650449 -0.92690449326609 2337.07970998872 2400
0.23 0.17240943176619 -0.132385729242426 -4.60390326139719 2420.4238143163 2400
0.231 -0.219491585941017 0.388901733320647 -9.75011978369029 2454.25947181354 2400
0.232 0.143130018855014 -0.864451240731275 -4.42144977643016 2400.38483680858 2400
0.233 -0.0165777731197034 0.107890748755576 2.22143384567705 2493.47664219477 2400
0.234 -0.528175998831343 -0.410059415274986 8.13529695667504 2491.63993306056 2400
0.235 1.12020723880849 0.320407865562668 10.4560960285875 2381.37800628746 2400
0.236 -0.210640681519126 0.156004886672373 5.49800832497631 2358.02802714634 2400
0.237 0.0922916853976285 -0.00461717154397375 -1.45133030053924 2424.44760494552 2400
0.238 -0.321377348281375 0.485607363239955 -5.57064738972185 2384.79874468682 2400
0.239 0.0586120246064936 -0.108169064809489 -7.1270093883762 2468.41650099726 2400
0.24 -0.269323952404439 0.9751390480205 -2.92363923749673 2426.63497348366 2400
0.241 0.757660204801978 -0.0150093335352951 1.93807275624589 2427.34695614268 2400
0.242 0.043579113630204 -0.0618026376593573 5.12310342844595 2351.07468967815 2400
0.243 -0.339987447000012 0.245068845194761 4.43844380544932 2350.72573815799 2400
0.244 0.331956110704212 -0.0529512619077254 2.88282288193678 2422.22897676108 2400
0.245 0.557786257969109 0.120595962099467 -1.99812149106074 2322.49628061244 2400
0.246 -0.831007085095308 -0.390125471624759 -5.71117436622827 2441.25952292868 2400
0.247 0.256751275272596 0.141047136109366 -4.79811997075483 2329.99558286891 2400
0.248 -1.05703946091149 0.615490773850839 -2.42474304678286 2412.36129095953 2400
0.249 0.172558622360164 -0.402604889119049 3.30777658028077 2460.65256529311 2400
0.25 -0.211364046429878 0.203827083619357 6.01509995415774 2439.25858285775 2400
0.251 0.879609294391693 -0.317688152507985 5.08267487759746 2381.0967890098 2400
0.252 0.283100383260782 0.265725262138254 2.65402044227201 2346.49467237631 2400
0.253 -0.101025035499705 -0.0201450763616512 -2.32639209853073 2328.07455694346 2400
0.254 0.993776597210036 -0.359592319044146 -4.77461458227272 2380.32340904875 2400
0.255 -0.044931280135588 0.201688755841552 -3.43477245269403 2348.59643826406 2400
0.256 0.0869397109754988 -0.279279296628064 -0.943664817436585 2461.04523618468 2400
0.257 -0.0143564799819807 -0.471458081961908 2.39399550658666 2405.46842714102 2400
0.258 -0.0146911146284246 1.03696226447682 3.36304461693302 2494.53677360662 2400
0.259 0.464340763292575 0.0415955507277901 2.48567868855155 2423.75220394461 2400
0.26 -0.699514995969906 -0.219591286336741 1.41441427287986 2384.1780948649 2400
0.261 0.13172069571888 0.185209693264199 -2.31092395198959 2400.77510674931 2400
0.262 0.660180777424242 -0.126833395607151 -4.1369518736867 2464.44946199083 2400
0.263 -0.81310848501852 0.148644664223319 -2.9086418762391 2481.81468283374 2400
0.264 0.590030243395473 -0.541770224820174 -0.308792735467381 2354.09243887458 2400
0.265 -0.118550607503957 0.506041597861299 2.67089007060389 2387.23166890389 2400
0.266 0.426537112599685 0.307820248141225 3.18734029234414 2408.61137064496 2400
0.267 -0.150321805105013 0.0889899518788469 2.47136394173455 2408.10352696393 2400
0.268 0.0886904423371745 -0.588159553130941 0.337714426355022 2353.93236788386 2400
0.269 -0.218278364341202 0.514636998152345 -2.15681261504424 2367.86469241293 2400
0.27 0.818698106483852 -0.411910003095526 -3.78162370262974 2439.88022642111 2400
0.271 -0.212888118207515 -0.00545787179265123 -2.29452169866621 2352.21496538229 2400
0.272 -0.46025133005857 -0.252923403567207 0.00600714813815785 2339.58390026152 2400
0.273 0.644573632437769 0.372990326030904 2.23636508483249 2408.70146421512 2400
0.274 -0.432681446549389 0.143097541713239 2.51102369007988 2507.91439844999 2400
0.275 0.318062540667456 -0.569574835973536 1.63281787188511 2341.42504980918 2400
0.276 -0.562556804933936 0.015681107624577 -0.371319153972908 2430.77838336547 2400
0.277 0.409626856059104 -0.165337738589535 -2.19763969885955 2475.28249082162 2400
0.278 -0.460471834560539 0.373309424518012 -2.420266449967 2373.75760877392 2400
0.279 0.233738647189778 -0.571407117411073 -0.696795972364887 2467.31645601492 2400
0.28 -0.253212985428169 0.160189992016373 1.04749755506007 2409.23630631184 2400
0.281 0.873141302072558 0.146750816566506 2.50124671434382 2469.92891623467 2400
0.282 -0.634886203323825 -0.138947625224415 2.5560497848019 2335.13427927307 2400
0.283 -0.0147930504504111 -0.420040384802305 1.24922826500207 2468.28851189128 2400
0.284 0.264242972698981 0.27194116693584 -0.91150540966126 2415.90035921237 2400
0.285 -0.08167366278109 0.395396358453301 -2.14675457955399 2422.40106300775 2400
0.286 -0.339795299154998 -0.498150404632327 -2.01345048769649 2400.566418604 2400
0.287 -0.17570957422878 0.379665884258434 -0.870632294721238 2444.42670714745 2400
0.288 0.340818888889886 -0.213842347230454 0.976380075981645 2411.17215390402 2400
0.289 -0.194159399181286 0.160430704802243 1.49958992449564 2443.78290518823 2400
0.29 -0.26816555523717 -0.0795895033096276 1.57916740528594 2489.96474075769 2400
0.291 0.141637433676275 0.271142857776459 0.093703298387093 2437.26848676503 2400
0.292 0.232914108728967 0.118015697190974 -1.16169685718348 2417.78469302567 2400
0.293 -0.330606684476647 0.0226682045416614 -1.64911718293487 2472.47034888782 2400
0.294 0.677077067159771 -0.430287371144822 -1.15846886150877 2307.12203840867 2400
0.295 0.307991042747659 0.394150046554349 -0.255699559150405 2440.87307402338 2400
0.296 -0.0435529535148474 0.151438369497596 1.29925590229665 2307.64938574048 2400
0.297 0.127469288381465 -0.237073971144391 1.58356759090375 2381.75796963768 2400
0.298 0.0134451332957841 0.231412939649009 1.17999344497876 2399.09119358193 2400
0.299 0.364394407374813 -0.119097038942939 0.331011308096926 2341.04552297625 2400
0.3 -0.506429767882789 -0.102127336053049 -1.03468659658557 2370.91728933057 2400
0.301 0.19485558660244 -0.132190054538593 -1.18768524580672 2349.54207271685 2400
0.302 -0.225446427174973 0.0390439360018369 -0.900741441204042 2381.98774569149 2400
0.303 0.133806192159637 -0.281134658288909 -0.0073310916725879 2308.20524457762 2400
0.304 0.251383204111882 -0.0589818917110526 1.07861596209354 2291.67939656561 2400
0.305 -0.322982660145159 0.19584398501085 1.31293750668738 2442.9710581137 2400
0.306 -0.0393726694628121 -0.0624192830567923 0.829537875594881 2411.70494947874 2400
0.307 -0.0921253866195845 0.175545201364506 0.356480982612967 2395.16549854429 2400
0.308 -0.170932402239391 -0.0608164290032271 -0.876733686265963 2423.30801220942 2400
0.309 0.00988251352532462 -0.0116033292148193 -1.22621519352937 2470.54365684482 2400
0.31 0.147809464696399 -0.167141304665444 -0.356106830906055 2439.44827477348 2400
0.311 0.00178314609484036 0.0472986357794306 0.00522200054400905 2323.88953443158 2400
0.312 0.391603848785164 0.152207017303528 0.893642366996353 2379.7206963932 2400
0.313 0.0992882124334975 -0.259259950513622 1.3896895306823 2376.83378444405 2400
0.314 -0.253042503814819 0.0657235973008427 0.29314638627892 2441.49227054606 2400
0.315 0.352746831644233 0.238407302456644 -0.0410693056599542 2461.33965298954 2400
0.316 -0.170487872091208 0.10081091010431 -0.849520253788564 2462.30780028969 2400
0.317 0.0285190162748218 -0.032927660086214 -1.24035596491578 2427.10923331054 2400
0.318 -0.144845986667306 -0.0667258937323407 -0.558720836057538 2409.35777049326 2400
0.319 -0.0435056776787222 0.0159306910243856 0.184615872381165 2371.52913405822 2400
0.32 -0.0266042608263178 0.0914486004645923 0.760316048883038 2476.71840365033 2400
0.321 -0.0599412411769445 -0.0213919030689789 0.688990618428373 2444.28692745075 2400
0.322 0.109196063969915 0.0330991293695997 0.362156319579174 2289.4002107262 2400
0.323 -0.0138981068184075 -0.110254865741038 -0.137274018544696 2307.86524353925 2400
0.324 -0.0614092240703347 0.0948374804987873 -0.508516445125947 2469.00166270994 2400
0.325 0.0847532911524215 -0.0124317896058549 -0.551571615920388 2403.78164821182 2400
0.326 -0.179743945665595 -0.283923882341443 -0.170420953527978 2434.48038630076 2400
0.327 -0.172053079603875 0.12577016955719 0.419292562542594 2499.11798608044 2400
0.328 0.132065245129565 -0.0383862371819682 0.602174670990497 2482.57280985039 2400
0.329 -0.103531712673581 0.151336789142164 0.515463396323473 2383.44577242342 2400
0.33 0.0661098149157254 -0.313692429573269 -0.0113029263178323 2334.35030659434 2400
0.331 -0.356156125568845 -0.0495753263061733 -0.282852246275208 2455.73768884811 2400
0.332 0.189564478860517 0.00788175314965864 -0.51335041471094 2357.13235941868 2400
0.333 -0.0764352794005269 0.247766468739472 -0.555903064782892 2463.4169339436 2400
0.334 -0.0757187331241289 -0.255755716342825 0.0183879679914127 2476.20631663448 2400
0.335 0.227502435476334 0.275323198298599 0.454385669309572 2433.53946364884 2400
0.336 0.235465092640487 0.140767803081214 0.381675345632359 2452.42880644207 2400
0.337 -0.22820645200472 -0.283946376467252 0.596318764061133 2414.20940961845 2400
0.338 -0.0377607903659248 -0.173905380286377 -0.0473961146068952 2465.35241840236 2400
0.339 0.0941697608362862 0.177093270454319 -0.300876904327557 2345.81529614268 2400
0.34 -0.0551802693768289 -0.0141628686331541 -0.247409224479681 2411.53633290097 2400
0.341 0.10644130617426 -0.0820104015065962 -0.373259070049628 2422.92963450377 2400
0.342 -0.303568701424059 0.225649797682457 0.312155738255918 2350.77215595231 2400
0.343 0.211629785840786 -0.158828781263069 0.418296566379958 2382.43740822237 2400
0.344 -0.110215971215312 0.192363042013909 0.243431782306175 2395.19140406759 2400
0.345 -0.0889628600698382 -0.173864622802734 0.321333979765942 2317.49711947092 2400
0.346 0.346870307824214 0.110752869765218 -0.465132923403048 2457.43496942702 2400
0.347 -0.0451945058727089 -0.0228340251741417 -0.589778267320882 2450.16188612029 2400
0.348 -0.117061649965321 -0.0372152823098955 -0.373886027445911 2350.94576543797 2400
0.349 0.0852228066945247 -0.0376319513194497 -0.125652246098137 2321.23613052174 2400
0.35 0.120423692141475 0.222136857846546 0.415484349204155 2353.39780253741 2400
0.351 -0.111666548990794 0.0626050242410842 0.53885007857531 2382.18314062428 2400
0.352 0.0410697271993228 -0.132678214235375 0.21618622102867 2374.4750577165 2400
0.353 0.102075819744153 0.169073129283542 0.155102257080199 2430.72269612022 2400
0.354 -0.0583485915584184 0.0830377626813975 -0.344090010226198 2328.68569624674 2400
0.355 -0.0201733779759137 -0.0201825142450498 -0.498006108121107 2440.73835226351 2400
0.356 0.0369246912029325 0.131326518027456 -0.0333325750959693 2348.70341677257 2400
0.357 0.17252727484673 0.00751470875388865 -0.0561914386041492 2379.35699760549 2400
0.358 -0.0434132233832236 -0.17963328520114 0.533375342650385 2448.97289280239 2400
0.359 -0.0746947842918189 0.223377010365029 0.109179977191046 2438.67971663549 2400
0.36 0.25476414138917 -0.0535555540804668 0.227088558440704 2401.23197897402 2400
0.361 0.0101620451150055 0.193155062962222 -0.157508797244521 2392.31632293582 2400
0.362 -0.192094811657924 -0.201244818835275 -0.224194489000316 2379.10892715605 2400
0.363 0.106862574754123 -0.0241819903666601 -0.486546190057067 2487.50835329629 2400
0.364 -0.060745160177786 0.170271295237293 -0.126296008331322 2420.4636963595 2400
0.365 -0.0160777308538054 0.00740808482871831 -0.0551118238317952 2441.30021337567 2400
0.366 -0.108959085778212 0.0815049005797683 0.342695723349141 2490.39220653046 2400
0.367 0.126234873297772 0.00698307290901294 0.272397202787034 2410.71633559064 2400
0.368 -0.0146320379332727 -0.0756051501866536 0.137511284964321 2332.48796794531 2400
0.369 0.0561748582588758 0.090053863341643 0.0477177925559256 2334.27307344906 2400
0.37 -0.0741862523346516 -0.297066642715715 -0.191914597799521 2515.20638482556 2400
0.371 -0.0417952383071159 -0.00904967879360575 -0.288039310553184 2344.65777186998 2400
0.372 0.105137380952391 0.150739391000244 -0.109518652341207 2418.64164215951 2400
0.373 -0.0901433510149123 -0.118130561217334 0.0320480569430502 2357.69000027077 2400
0.374 0.0203605676314963 0.0997910992653649 0.234113980855303 2477.84330068424 2400
0.375 0.0160794827798034 0.113760222904841 0.277757926982536 2432.67779276194 2400
0.376 0.0485368182276515 -0.0283980648711955 0.0805386197012685 2444.50406386441 2400
0.377 0.000936141507696073 0.140373388306705 -0.0567236937888306 2357.45572185816 2400
0.378 0.0690275465485024 0.00081350566397621 -0.444763708146896 2370.09721195759 2400
0.379 -0.0474964286640699 -0.115073233844797 -0.209878344872981 2402.71178766671 2400
0.38 0.109590196590921 -0.0948564140889243 0.0690624206052417 2363.63996031657 2400
0.381 0.122201911417994 0.0688886308630236 0.197833780444559 2449.16333248431 2400
0.382 -0.150059484529861 0.0625232040158539 0.360225756004146 2402.76277226118 2400
0.383 -0.0452607906979531 -0.158327140984515 0.294103565789856 2418.52401306104 2400
0.384 0.0835776999985755 0.0470213567681491 -0.0155924854609859 2342.58053961838 2400
0.385 0.107044280979751 -0.090964420073858 -0.200897986437499 2407.1229439614 2400
0.386 -0.0555700169283829 -0.0147720653590852 -0.284358218724075 2309.53203428507 2400
0.387 -0.124417813567067 -0.131363656234817 -0.189580182915448 2377.83379571696 2400
0.388 0.123610236030284 0.142724030992299 0.036479354634156 2411.67801866122 2400
0.389 -0.0794287644091846 0.114879567855319 0.113138403519277 2461.28768217011 2400
0.39 0.144803438556484 -0.0764274576957298 0.151583051607121 2375.07093520316 2400
0.391 -0.044578733521509 0.220723879879568 0.0184556339337807 2452.72746342508 2400
0.392 0.125934132718897 -0.0959163083022536 -0.0397095163134122 2421.38847684618 2400
0.393 -0.19511712284071 0.0233434012807714 -0.224844155714524 2349.78154161143 2400
0.394 0.0245761356825323 -0.113855093620751 -0.186617046077474 2361.99346140163 2400
0.395 0.0480628387372094 0.109533927694525 -0.202934712067936 2464.56604396515 2400
0.396 0.0771992838050434 -0.0151812997423785 -0.00176003001911788 2285.5884729182 2400
0.397 -0.116752477448348 -0.0146931074693664 0.201912936678029 2405.10836228686 2400
0.398 0.105581240968641 0.0165018044939414 0.190600098375677 2452.30248513979 2400
0.399 -0.052686314288336 0.170404034464714 0.194738872388845 2458.62909604599 2400
0.4 0.0396265600407956 -0.100120863126988 0.00956416377421802 2327.80279895437 2400
0.401 -0.0764077775452422 -0.00314085183706739 -0.228206924695211 2414.43282067463 2400
0.402 -0.0193673106463879 0.145440406218028 -0.147810445918139 2360.40361220847 2400
0.403 0.0746454349482098 -0.0197274108965514 -0.126782312148741 2409.27029079112 2400
0.404 -0.155794617579958 -0.0782790618844532 0.0144391871290004 2446.27883710325 2400
0.405 0.0617211782367914 -0.0517840575047648 0.225439112343894 2303.27593463124 2400
0.406 -0.0745168168070567 0.0778863640775178 0.194787055232895 2311.99312689209 2400
0.407 0.107513175682449 0.0518442067656298 0.0499640747542531 2367.89119299333 2400
0.408 -0.0188811963307152 0.0637630943896065 0.041904032711953 2323.11519707781 2400
0.409 -0.0129596520229449 -0.0335567921927241 -0.194121563148926 2440.97601807949 2400
0.41 0.0465746946170271 0.066665209269983 -0.135858809655778 2454.03259483649 2400
0.411 -0.0975888794375935 -0.10195628722379 -0.0469560416329683 2443.03071847626 2400
0.412 -0.0165567507630134 -0.0356663595357538 -0.102405316760226 2405.90507253686 2400
0.413 -0.0178736752774425 0.174024291146104 0.259043082903805 2473.09615615626 2400
0.414 0.171058892684447 0.112182397990863 0.14772957121391 2397.15634995731 2400
0.415 -0.182557548906294 -0.00998262573977987 0.108000465584154 2365.17411336814 2400
0.416 0.171760217517178 -0.0560192456018257 -0.106814696582845 2420.33134081595 2400
0.417 -0.0850392656613676 0.0294352615305705 -0.0884315284464852 2414.33721473079 2400
0.418 0.0462737624763207 -0.0812869455743017 -0.208521075939292 2421.2308622384 2400
0.419 -0.134708644620005 0.00574649253699594 -0.0810757843800823 2386.37365289206 2400
0.42 0.227995197921848 0.011424056443999 0.0293072636160541 2417.10207371537 2400
0.421 -0.0477355225734236 -0.0282967927769211 0.235379486718007 2360.21303145301 2400
0.422 -0.0339134043055145 -0.0106830858336556 0.0487873390118237 2358.21847572084 2400
0.423 0.0617057992127681 0.0436401450831356 0.0787254619662213 2465.06958230359 2400
0.424 0.121955629904956 0.0721524947815261 -0.037660352378059 2413.69376334943 2400
0.425 -0.0539185114204341 -0.0814918702825559 -0.271568460267892 2507.22537206159 2400
0.426 -0.0991586419643766 -0.0462170532152114 0.0735917943447122 2340.27795520053 2400
0.427 0.132940939833002 0.110065756757526 -0.0476498424834163 2358.2854076073 2400
0.428 -0.0398197797326446 -0.0732107578824394 0.151645490469865 2363.68226254571 2400
0.429 -0.00528980171094463 0.037761567352078 0.215476562849518 2344.3515958381 2400
0.43 0.122899082756965 0.0838129580724527 0.133582282747709 2333.80125224214 2400
0.431 0.0164660499089452 0.0129178604625221 0.0729741718392196 2385.3771736249 2400
0.432 -0.10942377034074 -0.179541632606709 -0.147666662437525 2422.65892315914 2400
0.433 -0.1471025604495 -0.0238958706440348 -0.180023146492574 2437.66490469245 2400
0.434 0.183285735429997 0.0641619770984446 -0.166764162103926 2387.16976387723 2400
0.435 -0.0426009658242125 -0.0605688528011429 -0.012023892506028 2334.85564118653 2400
0.436 0.0914585398857411 -0.113177092828903 0.15484060613492 2430.60946195701 2400
0.437 -0.0221396717255285 0.108537101297589 0.243746162498754 2304.9014203699 2400
0.438 0.0276573262309406 -0.0340904978262838 0.0910866528922394 2466.68490584156 2400
0.439 -0.0411457421838439 0.0522518618335596 -0.0733822240106823 2431.45047834368 2400
0.44 0.00691239045611107 -0.111636012520586 -0.0501134451228675 2347.68491067882 2400
0.441 -0.00144449732364735 0.0458205422151959 -0.171651157093997 2362.33567812919 2400
0.442 -0.0649818281005148 -0.142956866936301 0.0272691728958519 2425.31482702471 2400
0.443 -0.0439330386699064 0.0266290534533783 -0.0501091068190432 2350.59607038725 2400
0.444 0.140816580903803 0.00633714365246924 0.282988123564679 2436.76742789227 2400
0.445 0.0581263762434165 0.0759166356029191 0.0437369647171529 2510.63776380153 2400
0.446 -0.0789104326696203 -0.106672832586493 0.0955730383128355 2391.42572556615 2400
0.447 0.0635722662807688 0.0817385296527775 -0.060321854575595 2443.36064440203 2400
0.448 0.0439913036942725 0.029270330225048 -0.157017598066306 2295.07922091301 2400
0.449 -0.158338895101923 -0.138752671587712 -0.180935591723397 2399.82654175249 2400
0.45 -0.0306802482870494 -0.0527032673557095 -0.00737466309426036 2399.02047199383 2400
0.451 0.139666580813792 0.137462947344565 0.02569999218156 2447.62873797172 2400
0.452 0.0115990372442295 0.0582067273517454 0.143466004830737 2460.15621406935 2400
0.453 -0.0170299475399361 -0.0737188850874385 0.0979748696662975 2319.87856208655 2400
0.454 -0.00437677452196059 0.158985994650722 0.0128924686889212 2368.8932835277 2400
0.455 0.0791051404745629 0.0282997976015146 -0.0731168887460868 2322.01193700866 2400
0.456 -0.193434049728837 -0.116545569957604 -0.140203028385543 2352.14462726165 2400
0.457 -0.0737017030119482 -0.0723866262354999 0.0681719935884796 2496.67531363695 2400
0.458 0.0862833352609924 0.127914925784944 -0.0497438553052234 2471.09148151639 2400
0.459 0.0312621887303813 -0.0142551893836372 0.114012786377903 2456.25634989731 2400
0.46 -0.150697752492905 0.0197368991621283 0.0926482837025934 2310.06977677142 2400
0.461 0.0931048077351787 0.0471561697709032 0.0862168675587867 2394.13550394473 2400
0.462 0.158055428419807 -0.00958882119562261 -0.00113463076972806 2381.85863381471 2400
0.463 -0.172925524903629 0.0361391729111802 -0.081173969387485 2395.62809681793 2400
0.464 0.000697022028109117 -0.138958392871892 -0.134863870774025 2379.05512605652 2400
0.465 -0.00422003919062331 0.0568321048053116 -0.0605809462691272 2422.51418450259 2400
0.466 0.110207017246385 -0.0896019013214003 0.0340038827457765 2427.89772192278 2400
0.467 -0.0403408996793969 0.0583001982902204 0.095641411507314 2477.66658819368 2400
0.468 0.0155163328148296 0.0569331676980856 0.113883796036556 2446.78159542754 2400
0.469 0.0902603810911394 0.0164506827656941 0.108005582212222 2359.51279638847 2400
0.47 -0.00744516470468109 0.0587719374913369 -0.0519932332605634 2327.7405525968 2400
0.471 -0.0277384936214633 -0.080548959689174 -0.0200244650200365 2484.7241312073 2400
0.472 -0.0249464264638386 -0.00293537815165293 -0.0531411454600341 2346.31055305702 2400
0.473 -0.00629108526517291 -0.0542941420794518 -0.0677805545647634 2516.99835228386 2400
0.474 0.0156174494037889 0.0278056708809823 0.0262036432158526 2330.08811861333 2400
0.475 0.043773152025388 0.0311407140520851 0.0539740684810535 2301.57196405022 2400
0.476 -0.0508797393319616 0.0138452289457793 0.0639134309254287 2473.70988664344 2400
0.477 0.0541463025788175 -0.134627680544626 0.0347091730884389 2445.55811910554 2400
0.478 -0.0737046400810958 0.078693520640515 -0.0678198931967931 2379.02242763134 2400
0.479 0.0985382674297279 -0.0820461491176786 0.0224249061536871 2363.91940292469 2400
0.48 -0.00653330500465308 0.0233979696399263 -0.151702885420633 2400.48276102764 2400
0.481 -0.054571744319054 -0.0787523785602851 -0.0588667025950916 2354.3426086726 2400
0.482 0.0395255624008539 0.0460694093246396 0.0862969282322007 2511.2713632208 2400
0.483 0.0942132215122942 0.0806615628908041 0.00335209434871798 2359.60723980525 2400
0.484 0.0201998606717654 -0.0409569727391589 0.0506625549146497 2383.56461941911 2400
0.485 -0.047339325033478 0.0650042365523814 -0.0141127122790467 2410.88252339186 2400
0.486 0.107696003335192 -0.0835065271649402 -0.00840266193144564 2416.55558243035 2400
0.487 -0.0614518457817224 0.0826091743753441 -0.0180345233142235 2350.45434658182 2400
0.488 0.0255958816711845 -0.150014615079677 -0.0846022942735947 2372.01480624157 2400
0.489 -0.0928923156516062 0.0190506002858662 0.0056676961803721 2417.36835938706 2400
0.49 0.0482062549283331 0.0939330398334817 0.0297330860963236 2495.72251155917 2400
0.491 0.00736917307734154 0.0304576909598113 0.0613010015698131 2408.66244738116 2400
0.492 -0.0798116940253509 -0.0149566624401941 -0.0651927152715543 2423.29751192152 2400
0.493 -0.0294049789367122 -0.00958711723413086 0.0319004984658364 2366.91449747673 2400
0.494 0.145349415794579 0.0323906451058669 0.00126824691155697 2406.12226984589 2400
0.495 0.0326342226025471 0.00992999569539636 -0.0701507510471423 2416.99532980765 2400
0.496 -0.141802366790595 -0.0864252353940159 -0.0257002206165382 2477.97969493357 2400
0.497 0.073654822536289 0.0757401825375666 -0.0994689638189205 2441.21809597733 2400
0.498 0.0837001579776976 0.0307920276681109 0.0974901342201429 2293.36668592822 2400
0.499 -0.0351315619363163 0.0282468801039067 -0.0456771867487003 2446.6405974579 2400
0.5 -0.0255220191750704 -0.0461484623903154 0.0106124906468326 2420.35821029405 2400
