# Fix print output for fix def1
0.000999999999999843 -1.23727507061611 -0.836506727926743 -25.1250356062751 2183.62603495287 2100
0.00200000000000004 12.7117558892821 14.0981567474165 -27.1168843191661 2140.83343196056 2100
0.00299999999999988 -4.45941731786039 -4.49066662337586 -22.5211799964574 2074.61317907385 2100
0.00400000000000007 -6.97187982704159 -7.61348830808089 -21.4469207519282 2126.02366792157 2100
0.00499999999999992 7.58133377949774 6.90003228536854 -22.855810712761 2149.95589740977 2100
0.00600000000000011 3.99083382135212 5.27712303674785 -22.9056357437935 2087.4469409401 2100
0.00699999999999996 -4.53391067773186 -5.10405455283461 -19.8946283970967 2074.33681957679 2100
0.00800000000000015 -3.1755855736468 -2.56228916864706 -19.3686177889549 2095.55308217142 2100
0.00899999999999999 3.69231309647965 2.88927701064806 -19.4427084645705 2102.67306560491 2100
0.00999999999999984 1.91472617713803 1.58495852188798 -18.8798098067363 2180.85620027152 2100
0.011 -4.93843658810914 -2.79076298163861 -19.8646797256248 2113.31977977457 2100
0.0119999999999999 0.467823214081387 -2.17701584344629 -17.9589163315024 2122.73373007438 2100
0.0130000000000001 2.54071712584215 5.01859397407905 -17.521538048148 2074.7919206814 2100
0.0139999999999999 -0.694183026861673 -0.872306311186055 -15.7436572406434 2027.07851151911 2100
0.0150000000000001 -2.71788628276812 -5.33715659741415 -14.3806554062479 2099.23107116555 2100
0.0159999999999999 1.61379984834797 3.69507753245972 -15.0804856105605 2085.11759196246 2100
0.0170000000000001 4.33668924667761 2.13614254426707 -14.0994719519805 2117.51241319096 2100
0.018 -4.5413517133045 -1.78943462905898 -11.444995921381 2069.52091643733 2100
0.019 -1.59038414947294 -2.47532286919697 -11.0910191903782 2080.25580593389 2100
0.02 3.8488964520985 3.88559257467191 -12.3554300405251 2106.00781780235 2100
0.0209999999999999 1.50877019031605 1.89873261667789 -11.8418320768867 2037.42309544104 2100
0.0220000000000001 -2.86842606842167 -4.05780242817939 -9.98798521400892 2166.0851817305 2100
0.0229999999999999 -1.6279359008714 0.0290133508699798 -9.05505519400316 2191.59743470345 2100
0.0240000000000001 1.95360644512575 1.48951395658924 -7.51344047048862 2082.19387679701 2100
0.0249999999999999 -0.471266273670653 0.174838277487793 -7.43571166825051 2151.86093674588 2100
0.0260000000000001 -2.9749304088016 -1.79595856112802 -5.88067124718145 2080.29570122383 2100
0.027 1.59721078119399 0.802128545971248 -5.96934312321055 2176.67259437808 2100
0.028 -0.411712331653912 1.47345426272514 -5.14829856341965 2109.66358910967 2100
0.029 -1.53144070483087 -2.4040902248685 -4.03741355284641 2079.83022634463 2100
0.0299999999999999 -0.946914925485562 -0.130250367680398 -3.53958518080674 2119.11332968708 2100
0.0310000000000001 2.93011592253117 1.54051150812466 -3.5597505986788 2090.55726191264 2100
0.0319999999999999 0.416580809663046 1.15091146838846 -2.36096919796024 2041.8812431197 2100
0.0330000000000001 -0.984244081474947 -1.36138826033838 -0.821633319342706 2031.22432865105 2100
0.0339999999999999 0.18959265023124 0.233915506025663 -0.0525833426542599 2057.32131324913 2100
0.0350000000000001 1.6699934715678 2.56680977884311 0.410051116556136 2047.28601871822 2100
0.036 -0.518381944827651 -1.11680399013196 2.18193438861851 2048.0414209813 2100
0.0370000000000002 -2.12955755562138 -1.31625400436185 3.10025984448388 2122.52738602162 2100
0.038 1.43483487326195 0.882009862188371 3.30302618174079 2113.12014250117 2100
0.0389999999999998 -0.611242299847973 1.21412872376254 3.8197236157869 2128.81361205207 2100
0.04 -0.917119084627245 -0.883330246470143 5.13095679806304 2171.61740159576 2100
0.0409999999999999 0.729850470393377 0.119216904381752 5.68704822881818 2063.80322883507 2100
0.0420000000000001 1.19305471433106 0.504467163553496 6.80198736925886 2065.69918467262 2100
0.0429999999999999 1.96720157308757 -0.602945851193948 7.13946673711131 2075.23546685228 2100
0.0440000000000001 -0.818803293054019 0.312946743668508 8.04807747164532 2022.03180936494 2100
0.045 1.76761785291613 -2.06158602627202 8.61355618499084 2118.90781718747 2100
0.0460000000000002 -1.10728317582983 1.90136019940632 9.47172659553964 2069.41974301352 2100
0.047 2.04745378966266 -1.26435259062053 9.95819088141779 2165.51220175861 2100
0.048 -1.81839089392013 0.839302599693521 10.9158265330602 2178.00544240248 2100
0.049 0.309765380326304 -0.651886569064586 12.2487115234865 2165.25105744329 2100
0.0499999999999999 -0.341626442931416 1.32043397784946 12.679790762513 2024.93299196344 2100
0.0510000000000001 0.280866572406015 0.21512968938406 13.3831139596532 2034.35686840962 2100
0.0519999999999999 -0.273793509140855 -0.395451875512402 14.2234873032422 2086.06018962207 2100
0.0530000000000001 0.103076438279521 0.859212257216051 15.5421635472379 2058.60098674006 2100
0.054 2.27711195114101 0.0275750987244337 15.988957428728 2165.46844967655 2100
0.0550000000000001 -0.508691413667117 -0.319706148718724 15.5900038811191 2132.27266309949 2100
0.056 -0.261532699050137 -0.574577450595499 17.4962787746394 2161.56159326156 2100
0.057 1.08307812330751 1.3327480037944 17.2521447389221 2180.53014333663 2100
0.058 0.464618669980519 -0.970418115135352 18.1962594325214 2014.27937897894 2100
0.0589999999999999 -1.982891412514 -0.731739638930655 18.6675110464852 2021.25179726474 2100
0.0600000000000001 0.524894536927819 0.72731620013836 19.0746066536387 2097.47820620601 2100
0.0609999999999999 0.424891673213784 1.2404794315373 19.3120509113219 2100.36651997075 2100
0.0620000000000001 0.114312002827906 0.20805180399495 20.6941046585415 2048.8397580412 2100
0.0629999999999999 -1.09992430251733 0.548615640228982 22.7021793484851 2117.9711153818 2100
0.0640000000000001 0.970550035415298 -0.756150945738132 21.6182583499647 2107.051165397 2100
0.065 -0.237875476510105 0.665113976670918 21.9153787891212 2094.65373307122 2100
0.066 0.848728581601594 -0.701228141723531 22.7966897672774 2135.836283869 2100
0.067 0.318388200881799 0.36839557790115 22.9623239424451 2148.07198845977 2100
0.0679999999999999 -0.222157612281289 -0.248642004712739 25.2172047857458 2060.31810972656 2100
0.0690000000000001 0.0158691957910962 -1.38938909158259 25.3789121358576 2134.74569290724 2100
0.0699999999999999 0.256828308887279 0.393165196807639 25.7119519179804 2130.39188322037 2100
0.0710000000000001 0.192484525884806 1.48814183334438 28.1476397545625 2014.13683906904 2100
0.0719999999999999 -0.293131055970191 -1.28784443381417 27.3561653771885 2075.57602627347 2100
0.0730000000000001 -1.85393678776657 0.868829067238933 27.2413859822147 2152.23933583268 2100
0.074 1.89131619603987 -0.227111203694746 28.637140735614 2082.8270896709 2100
0.0750000000000002 -0.598105104404147 0.943173157773666 28.9741495743993 2096.59478127566 2100
0.076 -0.00227663486331603 -2.64276825312422 30.4560248940618 2108.11578650929 2100
0.0769999999999998 0.341068641005545 0.78550665334676 32.0357405271656 2021.8580222043 2100
0.078 1.46610143546034 1.19916551949983 30.3687333451423 2119.14332868914 2100
0.0789999999999999 -0.572534533176456 -0.537722814861072 30.7202683164998 2094.81331695158 2100
0.0800000000000001 -0.657609120858399 -0.428520862723578 32.9087357693759 2041.26108719496 2100
0.0809999999999999 0.622448955603288 1.42439920582686 33.1428803755522 2022.66876146048 2100
0.0820000000000001 0.377432747784044 -0.0739730079967987 34.1028057955445 2118.60053214895 2100
0.083 -1.60205757070272 -0.963373816812753 34.6532564153583 2014.91299915192 2100
0.0840000000000002 1.04129899514247 0.50522884552646 32.6410719692475 2021.7002986718 2100
0.085 1.70707408823213 -0.289772123150274 35.0162196012021 2102.83586405779 2100
0.0859999999999998 -1.15102805071489 -0.624243043157612 36.8249333426198 2073.08873269326 2100
0.087 0.288429095513989 -1.84780568101488 36.3305845150932 2122.33758913071 2100
0.0879999999999999 0.850655657767103 1.68871469601496 35.2604928873954 2168.89793166566 2100
0.0890000000000001 0.571927547299569 -0.24065496177677 37.1433724990921 2128.28002281215 2100
0.0899999999999999 -1.71555712841648 -0.605982623315449 38.0509331784936 2189.73275859966 2100
0.0910000000000001 0.183370079008826 0.884906483166146 39.5081849865573 2120.18589665718 2100
0.092 0.808896956996168 0.981696396054725 37.7523148507058 2085.23575413834 2100
0.0930000000000002 -1.03956610468507 -0.995523973190248 40.7371981652651 2021.36409638984 2100
0.094 0.468563620864544 0.485869278898732 37.8185638904434 2144.66178293155 2100
0.095 0.624600825194112 1.45722548898473 39.5085823281625 2157.8006022833 2100
0.096 0.794135217471868 -1.17123170925444 40.1043189618914 2132.08288128984 2100
0.0969999999999999 -0.472162515029038 0.400597347414906 42.6677305709817 2100.09500771212 2100
0.0980000000000001 0.414077765059179 0.54723764744973 42.5101365333351 2162.4116652241 2100
0.0989999999999999 1.4254733782911 -0.387676921033955 43.8418788496847 2056.06796199021 2100
0.1 -0.578024319262479 -0.792956438754569 43.3925601847936 2079.89754745785 2100
0.101 -0.230190342529128 0.401888598607224 43.3343730979526 2090.5596904085 2100
0.102 -0.051821054143404 0.394040425304406 45.3266321167986 2034.22281367086 2100
0.103 0.45365251822467 -0.331302353006751 45.1308360017924 2180.45075892231 2100
0.104 -0.689714803925634 0.850058096268282 44.2924415732476 2159.25728488514 2100
0.105 0.566814043243085 -0.284118368447898 45.8044856965816 2165.77588738876 2100
0.106 -0.0287130455677634 -0.878808257900285 46.6917027355526 2100.14466147688 2100
0.107 0.395181349594033 -0.313646013742232 47.424980396855 2089.17941199058 2100
0.108 0.502629810443328 1.35417728704768 47.792650759203 2171.61392186132 2100
0.109 0.0745787887310885 -0.630903222506345 45.2604167994139 2166.90105987676 2100
0.11 -0.163259998117756 0.346290094345471 46.072271042527 2113.80157560152 2100
0.111 0.309004711858081 0.103772605684586 48.6852083043527 2202.67743844787 2100
0.112 -0.20318019775891 -0.695766001994861 49.7336034662207 2151.04508987628 2100
0.113 -0.421923924933626 0.468995299549925 49.3140812787386 2166.50362946484 2100
0.114 0.161263442941683 -0.537596505341607 51.4235130149914 2129.76968108789 2100
0.115 -0.533509852501317 0.539240279083624 49.2993573869853 2114.50787113224 2100
0.116 0.724264202342796 -0.814003206214323 47.8072637886493 2036.3446255199 2100
0.117 -1.45488927651773 0.126749802936872 52.6789825079924 2079.34166988416 2100
0.118 0.402301902257683 -0.465148821594821 52.5130843727001 2072.61546728585 2100
0.119 0.205363810947741 1.1158083606548 53.8442433873416 2074.32023058567 2100
0.12 -0.0440301528715231 -0.85179451579391 55.2343869088342 2104.12942287127 2100
0.121 -0.309758265004864 -0.212126093257007 50.4331750180448 2052.55192991787 2100
0.122 0.48537205784269 -0.42070581001907 52.4590290108005 2105.65386249626 2100
0.123 -0.570093577769895 0.782754430580556 53.1777719630667 2060.88877725871 2100
0.124 -0.306852282898866 -0.497520402565114 55.8396553362933 2107.06102913437 2100
0.125 -0.370670218285626 -0.197839245767541 56.1120264829764 2171.29151885696 2100
0.126 -0.292164057721758 0.227295862171323 58.4775755529589 2197.57795238371 2100
0.127 0.0903678743164995 -1.31173727764949 55.4832655557791 2186.83685262889 2100
0.128 -1.1319794909095 -0.0714828536470987 56.0673847105623 2130.0088015923 2100
0.129 1.26578232046026 -0.788652531549982 55.1409276168615 2059.15551046613 2100
0.13 0.2746992518424 1.89427046451295 56.5793581132396 2090.27623703184 2100
0.131 0.521602452832864 -1.85969285351177 58.5875636900043 2097.40109318901 2100
0.132 -0.713878404786177 0.161139654867578 60.4604649790618 2148.74645978449 2100
0.133 2.00872952054697 0.629761860267457 58.1904000392323 2046.77793003289 2100
0.134 -0.599686014239428 -0.186757806691986 59.0020733916252 2025.60605714305 2100
0.135 -1.12857933117271 -0.736842038492959 61.2048476143445 2153.03601425551 2100
0.136 0.957152506125966 1.17646369336074 58.5773735046639 2150.64535239073 2100
0.137 -0.415299005532419 0.192418467385416 61.201579557633 2169.41785570961 2100
0.138 0.83121702617523 -1.63793170530637 61.3075906663868 2154.40609808898 2100
0.139 0.390627064222026 2.01536819259291 60.7363711914604 2137.93693897656 2100
0.14 0.980339607504192 -1.41113059473933 61.4899193190663 2172.89080286526 2100
0.141 -1.59534392920188 0.175164704814854 63.8956951207914 2108.9006142337 2100
0.142 0.704382133710569 1.31120548381509 59.4458752902473 2160.67486871427 2100
0.143 1.01596463537477 -1.20595183579694 64.7599874369456 2166.04531196543 2100
0.144 -1.8256437035322 0.940962817759909 63.3616593300908 2144.94947744309 2100
0.145 1.30220227061695 -0.290116189824561 62.5841781511522 2157.11109201769 2100
0.146 -1.54782698967982 0.891222926447563 65.0178470101164 2183.86848604386 2100
0.147 0.682913648099089 -1.7663727119539 65.3428938188104 2181.89624263868 2100
0.148 0.0566211251551356 0.890238288772996 62.8562220931661 2130.18756987134 2100
0.149 0.0976122888345418 -0.32666947913682 65.4989282300773 2180.61111163914 2100
0.15 -0.82849761169646 -0.322149172293175 65.5353086118496 2075.40203262197 2100
0.151 0.00231227120876173 -0.581099009534176 64.5892300511137 2104.6882223901 2100
0.152 1.30437545769953 0.358800302701119 68.272720506615 2049.28461268064 2100
0.153 -0.891289544063536 -0.132652039153269 67.0212002017964 2088.87033973046 2100
0.154 0.745456088017485 -1.13281002975787 66.9027149450673 2155.96741578277 2100
0.155 -0.396414565882439 1.9617887220029 65.2905453042719 2169.76167048267 2100
0.156 0.568311568745702 -0.943127451412723 67.114633019646 2184.04806309094 2100
0.157 -0.23999856816226 0.247951322611548 69.7336530490537 2091.45067211296 2100
0.158 1.33987253484536 0.10068174190069 73.7104129876924 2101.09855669269 2100
0.159 -0.6485951226829 0.56238020518448 67.6739187608636 2123.80034571855 2100
0.16 0.30638888706398 -0.0732403267793991 69.6118817930309 2074.23112995764 2100
0.161 -0.256078172740894 0.045997156783111 69.4220175450498 2039.62174546722 2100
0.162 0.0409246034997276 -0.500078344612243 68.4206134552497 2006.44172315713 2100
0.163 0.325629908799241 -0.171766503385829 67.7644081539901 2154.71705995426 2100
0.164 -1.0203459004329 1.27430163696115 72.8738213487229 2062.11196832383 2100
0.165 0.451088162679026 -0.54824240233844 67.4225032482406 2142.05407258479 2100
0.166 -0.718359420604176 0.399477180623883 74.2537289018373 2144.32588751006 2100
0.167 1.01354251045704 0.24835159010197 69.8074895016211 2033.7594200778 2100
0.168 0.100086676440692 -0.312434558115728 68.7476669880507 2105.67136015615 2100
0.169 0.189629593594016 1.09006004838714 72.584151225773 2148.87173717122 2100
0.17 2.2455453956615 -0.334236800546542 72.7203589939571 2064.73301447073 2100
0.171 -1.35431820543655 0.220695180564334 76.4412252156235 2112.72926994776 2100
0.172 1.96642584945949 -1.20194833740693 76.1168158247469 2005.25538715649 2100
0.173 -0.186837611360677 1.6856756301178 69.8435772853977 2126.56723110357 2100
0.174 0.535048536640699 -0.749036302543806 71.6440581864567 2171.97871954557 2100
0.175 -0.172027834265838 1.04797901763793 74.5088823916501 2182.40333531226 2100
0.176 0.706307089246481 0.38831920672167 74.7780602283084 2039.69786789619 2100
0.177 0.526915873405496 -0.0310425753169879 81.233356683779 2142.86195835619 2100
0.178 -0.935158519816039 -0.0641454051076288 76.3853954921069 2129.69032409985 2100
0.179 1.44958617240178 -0.729219114637037 75.8887012811648 2054.52046237242 2100
0.18 -0.809556557904062 1.58919981357075 77.4772561768039 2149.9870462665 2100
0.181 0.880860713775741 -1.13251027200566 80.3989726596281 2025.75478785924 2100
0.182 -0.0426498007167246 0.636581120431483 83.4582801309846 2118.34541497575 2100
0.183 -0.136811855037105 0.620960467343701 79.5599795775093 2151.78157816268 2100
0.184 0.996792000435331 -1.13589131697779 74.6605911083672 2136.3432017558 2100
0.185 -0.711539024918001 0.894044782129902 80.4173375208055 2104.6778847363 2100
0.186 0.235910085048762 0.372427535350085 80.4120114185586 2123.54945058806 2100
0.187 -0.0431321258418534 0.0167194964963133 83.9465769064542 2064.49369940964 2100
0.188 0.358647085210993 -0.764003977463867 85.9375907719441 2031.36898742461 2100
0.189 -0.569653166867939 1.27362063269577 81.4177502225395 2074.86497241463 2100
0.19 0.73107987783104 -0.898954425738747 81.3966603068818 2053.82013853722 2100
0.191 -0.849802090023824 -0.282185667803397 84.0413295783984 2081.99568770636 2100
0.192 -0.175033840143479 -0.0409917543613443 80.6346764390226 2114.73133693511 2100
0.193 1.06080730486709 -0.910700491271922 85.2068772276332 2115.70018473361 2100
0.194 -1.06687844167737 0.577668092251867 87.6385369857728 2036.24574197559 2100
0.195 0.644999815391792 -0.0309961404328881 84.0890125765513 2112.99200595026 2100
0.196 0.460233098083659 -0.394942568219376 85.864341035511 2100.97070722059 2100
0.197 -0.783297877816786 -0.52254520747157 85.1549983445584 2056.5679034687 2100
0.198 1.28577361683947 -0.038668536442615 88.429268270217 2064.63307800073 2100
0.199 -0.327717797630567 0.164077233588869 87.5797559569271 2020.30376663035 2100
0.2 -0.52241975436928 -0.901286651122173 85.3799786303751 2063.36797776578 2100
0.201 1.31845142784102 1.84955568855584 90.146355662971 2022.29895409585 2100
0.202 -0.729549758389096 -0.0706937656557822 88.1571657549313 2076.83678445028 2100
0.203 -0.804057944847573 0.657696228704359 89.5752138085852 2026.85674535795 2100
0.204 1.08741112547147 0.380038860828587 87.5322295734608 2045.31700223552 2100
0.205 -1.20138536572575 0.414730344580362 88.9221217133258 2065.07359534493 2100
0.206 1.41869364972706 -0.719323157719846 96.9446767291906 2072.87580175555 2100
0.207 0.203692066036235 1.13444944527373 91.0533041820877 2061.06009887306 2100
0.208 -0.939896837156109 -0.533193257060645 93.3096002816045 2092.22792222732 2100
0.209 1.78505795828237 0.250844282934415 89.2020900632851 2039.43437973271 2100
0.21 -0.621253625943173 0.678254985787876 90.94551144603 2043.01227475094 2100
0.211 -0.219420519242439 -1.31847192991993 94.2006950425546 2088.46980716165 2100
0.212 1.65793837569597 1.11209535583372 94.051586731759 2062.47125690916 2100
0.213 -1.39103399224438 0.535560378910998 95.0438795009107 2111.42715563457 2100
0.214 0.494889576858285 -0.828653608531738 90.8478898637824 2160.41270438171 2100
0.215 1.27721721041545 1.52409931880637 94.2109239879853 2180.33756431986 2100
0.216 -1.78843609579629 -0.805884474216576 99.4864903590472 2116.53878429951 2100
0.217 1.11764585599501 0.209594165955587 100.054730460417 2070.66435550944 2100
0.218 0.37514854154337 1.63771819276318 95.5737407443495 2078.40048026329 2100
0.219 -1.27539467373286 -1.16218777473199 100.12896514152 2051.15962833588 2100
0.22 0.109060048728495 0.833493554454647 90.6782451414969 2084.55374449783 2100
0.221 0.514331580935677 0.434975090839756 101.20512481423 2152.87524567641 2100
0.222 -0.869301278426655 -1.63851228924649 101.402237807764 2021.06179153316 2100
0.223 0.39959454804297 1.21626500861132 99.2342698055062 2104.39122962546 2100
0.224 -0.12203271228968 -1.44330621472624 99.1579502604964 2110.32025847191 2100
0.225 -0.0880844733030094 -0.960198240337342 94.5256409875476 2124.96642254507 2100
0.226 0.206587341208108 1.58757856046369 97.740430016934 2038.92893182774 2100
0.227 -0.217492344279706 -1.55951058575389 106.543580502083 2059.95524150302 2100
0.228 0.304137433987701 0.476203020105712 101.118696996683 2092.2543097082 2100
0.229 -0.0318636646203619 1.25428592028638 106.372808671949 2141.7900745353 2100
0.23 -0.439537717516731 -1.71766086138218 104.072853666221 2057.0256880803 2100
0.231 1.04408464699768 1.69266420251028 100.702191854376 2038.48957271078 2100
0.232 -0.512807409114513 -0.652661944833684 105.652709917322 2138.3770486692 2100
0.233 0.448346835938098 -1.04865220936762 99.8430403931643 2129.56442476107 2100
0.234 0.22515808910593 0.857271773432715 106.000361084044 2076.42630077504 2100
0.235 -0.448555499470084 -0.367847782205695 102.168536356387 2102.6081567545 2100
0.236 0.201630026529839 0.186591306913764 104.056667531838 2101.44411531338 2100
0.237 0.295252685220201 0.386902957803472 103.469736440862 2137.05703257831 2100
0.238 -0.652194487374732 -0.941914825947465 110.073478869334 2164.51446470154 2100
0.239 0.960203560869952 0.780327853255058 104.225923224106 2057.08232393494 2100
0.24 -0.796480007397499 -0.146847124721667 107.571709367707 2069.33889164917 2100
0.241 0.648685318956976 -0.444469444709964 103.163899857536 2029.61445280943 2100
0.242 -0.260381646665101 0.389519773576977 107.371327943409 2175.78888922235 2100
0.243 -0.0997218303794005 -0.0130780801217599 103.096244316324 2119.80857710162 2100
0.244 0.277823157467718 0.561147100118593 107.941535957674 2108.13683915531 2100
0.245 -0.382973642279885 -0.476910692966746 110.113318361708 2035.87098944294 2100
0.246 -0.6960789927417 0.718461011266384 106.359701526954 2100.94246951938 2100
0.247 0.377442006739525 -0.0860019364468757 110.958969968604 2114.38567525424 2100
0.248 -0.314464262935366 0.625376541440054 103.518778582597 2115.66263539599 2100
0.249 -0.393841863159611 -1.08058556467946 101.809881341375 2179.54943989868 2100
0.25 -0.228022753669925 0.678489681978224 111.325718275567 2001.36715283088 2100
0.251 0.656369091635702 0.139730081132717 106.673192787057 2049.24361806885 2100
0.252 -0.660096158859624 0.0887630414789876 94.0716121983673 2096.31993827771 2100
0.253 0.188794058189875 -0.374395849966665 68.3214678760913 2144.70174759776 2100
0.254 0.0792473731012563 0.609477025939974 36.006740134453 2147.8900572861 2100
0.255 -0.0957075121888528 0.32543580096504 18.9051062816812 2067.60570948298 2100
0.256 -0.319424578127602 0.20002158337691 -1.60041977873233 2137.28546045871 2100
0.257 -0.0603418826413001 -1.03995436980782 -33.1929651330405 2153.27084950433 2100
0.258 0.717027244683032 0.496416895088035 -24.934102468357 2044.51245564142 2100
0.259 -0.488852887062567 -0.0810018029563819 -1.94397184628568 2123.13889682066 2100
0.26 -1.48484806495339 0.800774036910063 4.39669912597421 2101.06013768919 2100
0.261 0.223695918946848 -0.997366767438979 7.24800159106698 2201.35063354178 2100
0.262 0.743005700490477 -0.0881364532362229 4.95901853889833 2105.64374374423 2100
0.263 -0.584279243199986 -0.261316670666978 1.24838686128415 2163.28675114569 2100
0.264 0.11064144677575 -0.147507157547788 -3.51462963211856 2146.01647262136 2100
0.265 0.381155340585178 0.20165729944611 -3.04741008913552 2039.10433901044 2100
0.266 -0.0669020939982199 -0.141656913060335 -1.70747304406831 2058.86340223687 2100
0.267 -0.475064697486352 -0.102693036784213 -1.11847463388572 2159.11000012275 2100
0.268 0.0919936735324885 0.0363302969109118 0.3229186557794 2097.72030686009 2100
0.269 0.705013873382098 0.336719949609388 1.24258916255933 2083.2264436814 2100
0.27 0.0279866108868125 -0.124218064508626 1.52232405409706 2059.88083006432 2100
0.271 -0.0179063454409723 0.0826625072147733 0.646461484700506 2041.63398428835 2100
0.272 -0.670793332801001 0.188435588296152 0.16011994422819 2153.45060807876 2100
0.273 0.312511180046708 0.24277787716942 -1.06173589364137 2059.99666129989 2100
0.274 0.11911334921188 -0.178070531811206 -0.582780367181406 2044.83413031082 2100
0.275 0.17022899832389 -0.179393141476196 0.306942537499811 2015.84062721792 2100
0.276 0.289360253765498 0.0582733416933634 0.312239889942812 2155.5682702994 2100
0.277 0.00206681884039218 -0.234711995313184 0.690668599247402 2109.99705527264 2100
0.278 -0.0729983471048062 -0.114167366369026 -0.132963296973973 2150.04924078982 2100
0.279 -0.15961965210056 -0.11755891872227 -0.905060712569295 2084.74814369963 2100
0.28 0.102640961208239 -0.0307709585059806 -0.431891263640493 2122.16525694341 2100
0.281 -0.286023850269714 0.464567081833604 -0.369206288574146 2056.4472475451 2100
0.282 -0.101867667058244 -0.381823025465647 0.725076571336791 2031.10869032558 2100
0.283 0.0334139023230523 0.290490272219879 0.678669531671789 2191.38256766805 2100
0.284 0.343159500928016 -0.394889121699153 0.925554579051458 2138.69623997079 2100
0.285 -0.0251471929306619 -0.0439154115265401 0.0212778040829274 2051.08929803857 2100
0.286 0.0863056877002313 0.0363820170107997 -0.98040488975101 2043.43949609433 2100
0.287 0.0506421976019369 -0.390293809154219 -0.740591082094201 2122.86835272007 2100
0.288 0.139390849204349 0.520246331503335 -0.642040745143304 2059.84258362692 2100
0.289 0.12608274184638 -0.369897811361911 0.382237307695149 2173.82771337986 2100
0.29 -0.207886261714917 -0.0953104995631818 0.730497456773134 2163.88526369307 2100
0.291 0.164894116585302 0.140798958875934 0.650831990705697 2138.57068541715 2100
0.292 0.173579456678191 -0.108142817666111 0.216118578249256 2146.54472383235 2100
0.293 -0.237042446382797 0.047710913462385 -0.225520885452198 2155.36895423693 2100
0.294 0.115689532970476 -0.0370226768174792 -0.276786870227312 2156.83852426367 2100
0.295 0.0194451662134492 0.292670812648505 -0.206560348450869 2045.85926856902 2100
0.296 -0.0891320464800031 0.0205352636910844 -0.213810409634464 2134.67329515377 2100
0.297 -0.0848369394632396 -0.447133969649453 0.277944931064456 2111.20948180769 2100
0.298 0.259479136965538 0.359198136791591 -0.378889297484358 2039.30578316615 2100
0.299 -0.00541552192005444 0.0559429994010778 0.128539546484649 2055.54421466436 2100
0.3 -0.182589114871591 0.0865816237264232 0.023138831259366 2163.03575010092 2100
0.301 0.102357521804168 -0.211150265828507 0.336174825909636 2053.18941598513 2100
0.302 -0.131260814487113 0.386640836838378 0.128662558254399 2034.09613973479 2100
0.303 -0.00260437514270486 -0.0785654576198579 -0.0558559875184078 2039.76698715361 2100
0.304 0.00878161474586177 -0.0507532823188355 0.122810824397266 2158.59782150405 2100
0.305 0.129391994259133 0.00807834573797358 -0.028893175632723 2150.69364708317 2100
0.306 -0.0211596509861691 0.0184286318944901 0.0639191749099646 2105.91189041533 2100
0.307 0.0690293225394529 0.224112431384887 -0.0580691866637114 2132.60015426689 2100
0.308 -0.0614374825320786 -0.252830137611251 -0.205157941239987 2076.37998129032 2100
0.309 -0.302277833208928 -0.0647388975935389 -0.0824569684519539 2043.00795702001 2100
0.31 0.138037646456045 -0.155990297103321 -0.252869724694328 2188.45618239895 2100
0.311 0.32429243179966 0.230336481456615 -0.0721056832838942 2117.76971926183 2100
0.312 -0.023875839424776 0.00385819745135966 0.215503689650057 2041.87150290563 2100
0.313 -0.159376482123281 -0.0415974529391704 0.203558020132021 2078.0797824658 2100
0.314 0.192645713383572 0.243043312573834 0.194219623357375 2149.76205480686 2100
0.315 0.0925942742319232 -0.123981379402897 -0.284762977512903 2123.94806693148 2100
0.316 -0.102750583792636 -0.197244101980066 -0.217836761248613 2121.24655958098 2100
0.317 0.170387346675811 0.258225720899257 -0.347832043667189 2036.77541054639 2100
0.318 0.21288585266939 -0.11683329579191 -0.0766335096379788 2100.7994590599 2100
0.319 -0.00636075461456181 -0.0615281371734068 0.104077596971647 2114.57336195735 2100
0.32 -0.1817282139173 -0.0443361423783825 0.0907395013315484 2100.94579946761 2100
0.321 -0.0270576852482611 0.0842518985522706 0.384296503487477 2025.56444339402 2100
0.322 0.0445582182307652 0.0793599722898044 -0.00669860816862123 2049.76351734419 2100
0.323 -0.0555617020318005 0.00336504526551549 0.0829075191465288 2120.7131176042 2100
0.324 -0.0851573108664117 -0.136605071506093 -0.0615996490484336 2114.18348699858 2100
0.325 0.0533225702294938 -0.0633430020599905 -0.174009922375817 2106.78168015946 2100
0.326 0.154297729322378 -0.112922164452272 -0.0860086355991839 2147.83788303223 2100
0.327 -0.0881095303617928 0.195115738120748 -0.114300334439268 2072.63340796672 2100
0.328 0.107681182456015 -0.0730289854045337 -0.00466466490517873 2009.56268303498 2100
0.329 0.0688855506740532 0.159111519517544 0.190513696943846 2056.43709691786 2100
0.33 -0.0205513967723705 0.139826693094237 0.215786941620702 2122.69082365054 2100
0.331 -0.123358753402767 -0.119939591321271 0.154762791299106 2078.26014930296 2100
0.332 0.0328779446115704 0.221932351236903 -0.0372604203484042 2135.87029370407 2100
0.333 0.274093918418645 -0.110111615203213 -0.332201742602074 2078.29232489456 2100
0.334 -0.0910987819336174 -0.0394797404137957 -0.0702781718098748 2107.22959879169 2100
0.335 0.0102412501131995 -0.215602594644769 -0.053157454037853 2063.81903256094 2100
0.336 0.145601601700145 0.125875554106438 0.0543947599521864 2038.38540066017 2100
0.337 -0.0659651808400494 0.178983798316507 0.226911851715707 2106.02421489332 2100
0.338 0.0687294174198459 -0.0193669063596982 0.067768504178545 2107.59815234401 2100
0.339 -0.128872004065978 0.0283573743625512 0.0125910009829069 2000.90571328753 2100
0.34 0.32093452626089 -0.0225276773361133 -0.0494356267098105 2137.17986805998 2100
0.341 0.0770962954134802 -0.0402645256800977 -0.0517075654848128 2191.60258148796 2100
0.342 -0.182881873069725 -0.168071379569455 -0.0693434379509395 2089.76411399428 2100
0.343 -0.0372876887435093 0.152109356286924 -0.0143219097151107 2083.35245797233 2100
0.344 0.258660888585728 0.031633581627582 0.00798198721486288 2093.31178341236 2100
0.345 -0.0845897615865653 0.0329158116015288 0.0211010839853943 2021.08263467248 2100
0.346 -0.086093558398495 -0.0394826989971685 0.0470041704024171 2127.87480661241 2100
0.347 0.121799896622146 -0.0867300352153499 0.161787118508309 2057.6633859641 2100
0.348 0.0162824914229354 0.175727317240976 -0.160297374497589 2058.25641186707 2100
0.349 -0.192535114034412 -0.0824702887211212 0.023732809180661 2094.31276019302 2100
0.35 -0.0947401239407976 -0.047494262188129 -0.0693953379566696 2073.56998399361 2100
0.351 0.164096600353933 0.0948901796682273 -0.0599559109021985 2058.68215393149 2100
0.352 0.0754093131198523 -0.0372929789101777 0.0204228431840078 2172.64864054851 2100
0.353 -0.141997567515294 -0.0590712956778362 -0.0884129602984682 2165.81545166271 2100
0.354 -0.00311724940878994 0.133209754064634 0.0464130522564542 2117.06810815618 2100
0.355 0.0542738290201671 -0.0277891170607672 0.0944480054163029 2146.97813568403 2100
0.356 -0.0526430517003304 0.0490078637443618 -0.0477251811367021 2050.36947069959 2100
0.357 -0.11757326282683 -0.0945729049686214 0.0881648189068673 2055.04808068418 2100
0.358 0.0575828007816819 0.128119263096159 -0.0595746513803622 2075.65105022672 2100
0.359 -0.00686648829943282 0.0484078545504513 0.0300193616578653 2082.20997507246 2100
0.36 -0.0529294483871058 -0.0255216233487768 -0.0600737518037694 2059.69437344932 2100
0.361 -0.0554451009122894 0.0452220559615871 -0.026050732983351 2177.8383133499 2100
0.362 0.194716926080049 0.0100738743174108 0.0946549882158875 2163.68582108001 2100
0.363 -0.0428824040437381 0.0473305529816029 -0.0371804302245166 2104.47002366649 2100
0.364 -0.172779928957823 -0.159346558540445 0.0650256681849561 2131.355921145 2100
0.365 0.044434999478903 0.102908957526036 -0.0750378196552079 2032.15065934264 2100
0.366 0.256638808911003 -0.0426289623420436 0.099353200677956 2033.57730977068 2100
0.367 -0.242819020029664 0.0424781693154371 -0.088171970091277 2105.51919277421 2100
0.368 0.0857184235170054 -0.10253052566502 -0.0391099973344187 2137.28374577747 2100
0.369 0.042352769581978 0.167356628199655 0.031682540854587 2145.84146713963 2100
0.37 -0.0812795261839842 -0.024974881919372 0.160869862892942 2098.36280279813 2100
0.371 -0.138755102329074 0.0196519892414391 -0.000185042072973917 2135.46075636774 2100
0.372 0.00583269073727673 -0.0127563221646525 0.0687851973822399 2091.20496168906 2100
0.373 0.114406316161446 0.033331784521739 -0.0224955247867621 2035.44250044078 2100
0.374 -0.102988351984642 -0.0747991821433914 -0.111480426579584 2086.85039104205 2100
0.375 -0.092647977179139 -0.0946473671504554 -0.0454091261590884 2082.04019870379 2100
0.376 0.0778145863914707 0.0207829763247253 -0.0640985666463872 2141.89577071662 2100
0.377 -0.030886983237385 0.0266688452547274 0.0853163123190398 2162.32881435444 2100
0.378 -0.0857007413583734 0.0581842658437206 0.0259209239418718 2092.2939128008 2100
0.379 0.0133560229975798 0.0248957321503252 -0.00924269185389348 2071.02946374 2100
0.38 0.0488345865106338 -0.1025712599189 0.0394360022689803 2127.37690233071 2100
0.381 -0.0725769589125988 0.0563204278086814 -0.0720742378958744 2080.31113375472 2100
0.382 0.0812052541621771 -0.0542074848178704 0.0394143195899213 2170.47906619294 2100
0.383 0.0436300641126089 0.081651356711188 0.00156437501003751 2131.66016068018 2100
0.384 -0.0747965194693263 -0.141175056896483 0.0172979875944271 2156.23855250403 2100
0.385 -0.0994099010287083 0.20430968546758 -0.00377215679144453 2065.96051095922 2100
0.386 0.0846688098087854 -0.0221087114253018 0.0673335681358711 2075.103478312 2100
0.387 -0.00149261789788725 0.0675590375616964 0.0841093031307734 2059.90231426847 2100
0.388 -0.135464418351475 -0.00646038767543693 -0.0615599861037559 2054.7565069309 2100
0.389 0.075359361193032 -0.114555818885789 -0.00874028390347849 2020.63211130041 2100
0.39 0.0267507746438127 0.217156288071532 -0.0571091036529206 2109.3572836076 2100
0.391 -0.00785069468180292 -0.201524996081967 0.0311951791225482 2096.89660743289 2100
0.392 0.00444244348749595 0.178753127961864 -0.0746519834779018 2123.20236158613 2100
0.393 0.0378585744023525 0.0429823955660603 0.144402710152233 2150.35650568366 2100
0.394 0.0824303981071845 0.0879672544501913 0.0419159973187847 2077.67576644149 2100
0.395 0.086282992841169 -0.0156334275137198 -0.00243155269720358 2154.106296427 2100
0.396 -0.0567369844302768 -0.0550912636990663 -0.0556943407747018 2078.53203678309 2100
0.397 0.0855225819685148 -0.0940404215400939 -0.147535522522055 2139.72331420049 2100
0.398 0.000332435370644762 -0.0861471504562171 0.108432465665264 2103.36871734476 2100
0.399 -0.0559069027208513 0.0732874373793313 -0.0660919390568857 2094.20859133958 2100
0.4 0.0763172134846255 -0.0436286764888705 0.149250746244914 2109.45530672199 2100
0.401 -0.0394003455195278 0.162459814399567 0.000689653111991932 2033.65369991828 2100
0.402 0.0368496237256453 -0.068082323763317 0.0806428296489676 2099.92540141342 2100
0.403 0.0701437705528627 0.0184726606764645 -0.0298119109116726 2145.94313248176 2100
0.404 0.0593092085855188 -0.0273310938096317 -0.00678612814068722 2015.41151647724 2100
0.405 -0.0376268158622769 -0.0534278740633624 -0.0464936545580042 2109.11384979453 2100
0.406 0.0179732446931667 0.0396026538840247 -0.0576923990551054 2034.79045825581 2100
0.407 0.019003669510065 -0.0206514649333915 0.115063093553173 2153.11328743165 2100
0.408 0.0409864104436441 0.0320183957377293 -0.108054807418476 2040.84405539501 2100
0.409 -0.0682960353980741 0.0491820740968114 0.04012427162331 2060.47233400423 2100
0.41 0.0372187903553511 -0.027502632976952 0.0680504671500796 2160.53844862139 2100
0.411 0.052893390445091 0.0298213594728263 -0.00142515353326474 2162.55909602988 2100
0.412 0.0133573535820589 -0.0338283852488788 0.000279957564864888 2070.17123469348 2100
0.413 0.0978129328163572 -0.0278328730210272 -0.085529002513186 2043.72381387051 2100
0.414 0.00547372573682209 0.0513664385402938 0.0554337723876637 2070.09876241697 2100
0.415 0.0228666988878872 0.0573633882506398 -0.0764571316461099 2116.1520665223 2100
0.416 -0.0266284092991195 0.0136294375854418 0.0496017610428269 2062.83330574452 2100
0.417 -0.0385535093239042 0.0709287515653014 0.0279726666389395 2055.33438847259 2100
0.418 0.00212135084988935 0.0204454410827854 -0.0245189384284601 2178.34712735154 2100
0.419 -0.0140086826899557 -0.0207739751274264 0.0393011217715616 2174.01549721251 2100
0.42 -0.0648039842319399 -0.0071453137065258 0.0103696525737209 2140.11129010225 2100
0.421 -0.000678141807640776 -0.114219179210309 0.0217679431481356 2063.00447724956 2100
0.422 0.0236150612679778 0.0443450973458186 0.00141059437008658 2089.52232527262 2100
0.423 -0.0431135862950984 -0.0576345082021097 0.068571020070795 2011.40862874639 2100
0.424 -0.0193348860670153 -0.0552397280757449 -0.0174004931898427 2033.46453627529 2100
0.425 0.0430329873332014 0.0470900547100079 -0.0450756069973303 2129.43014358829 2100
0.426 0.035453185409096 -0.0539862735751034 0.0617443740793923 2157.34345249362 2100
0.427 0.0167100954189905 -0.0175036984512277 0.00370118032037144 2141.885837028 2100
0.428 -0.0391338304901642 0.041707972841478 -0.0460232461128628 2028.41092079332 2100
0.429 0.0141329387224689 -0.0116405977498821 -0.0253870119246331 2095.12755881879 2100
0.43 0.0619084627447765 0.044065903137872 0.0607661342393545 2209.31988617899 2100
0.431 -0.0213774254145457 0.0351952675774692 -0.00599917036769588 2038.81693702916 2100
0.432 -0.099799725857124 -0.0155647100579309 -0.0426626317537057 2160.30602262427 2100
0.433 0.103213046766943 -0.0109848784324468 -0.00295757911854033 2081.12552757596 2100
0.434 0.0100365860343938 -0.0172454344914917 0.061299188504403 2091.97750031539 2100
0.435 -0.0542595291012583 -0.00329353233246586 -0.100586205572275 2098.57439109341 2100
0.436 -0.0514748253215674 -0.0519564749148243 0.0470967502872303 2107.80726991331 2100
0.437 0.0988890159131617 0.079300634841833 0.00249327439546534 2041.18160070828 2100
0.438 -0.0140124642018552 0.0150282225306871 -0.0258282032288485 2204.85672116998 2100
0.439 -0.070656105175212 0.0862054850259212 -0.0574319668776042 2150.14110356408 2100
0.44 0.0420879507326868 0.0113234039952079 0.00315910531052222 2046.94068196965 2100
0.441 0.0441020875860556 -0.0564557462074186 0.0944182164507481 2082.21131826087 2100
0.442 -0.0372018284672963 0.0155837572376592 -0.11091135731563 2145.83156855381 2100
0.443 0.00480799118192054 -0.04715033335959 0.0563333587456857 2064.01554334228 2100
0.444 0.0767037023844864 0.0167568045449247 -0.00843301664299279 2045.41307283378 2100
0.445 -0.00457711989932048 -0.026644940731534 0.0665171228829526 2127.84103713519 2100
0.446 -0.0326383315505081 -0.0141158382440806 -0.0755400021544303 2161.81406650361 2100
0.447 0.0248065476979268 -0.0193900797454092 -0.00088896930116772 2108.24950668832 2100
0.448 0.0737090801312643 -0.000485626289508942 0.0994432194134027 2130.26285552477 2100
0.449 -0.042840978165185 0.0235797627928543 -0.0843243577852463 2150.48221638203 2100
0.45 -0.052955082899191 -0.0070583794062313 -0.00101065207690951 2186.83902274297 2100
0.451 -0.0182715812097384 0.0601152861041074 -0.00708012717555016 2044.8670027399 2100
0.452 0.0633497132048112 -0.0325601777738591 -0.020364430343917 2133.58594018056 2100
0.453 -0.0519757525390188 -0.0599666407700047 0.0427257368702337 2147.26468050971 2100
0.454 0.00927301343816643 -0.0222621864894125 -0.0151565373617811 2058.5588909933 2100
0.455 0.000963556506071647 0.0140675132328939 0.0357574699412785 2047.97225973521 2100
0.456 0.00628871051227437 0.0289108338234929 0.0476012792052779 2059.78452711834 2100
0.457 -0.0783146740491891 0.0519688095656504 -0.0352490745738816 2150.65039564006 2100
0.458 0.00435585547766228 0.0441631381561442 -0.0291396020904672 2161.41780298317 2100
0.459 0.0807585163306284 -0.125510819805013 0.0983250326397101 2059.84014639885 2100
0.46 0.0700915545867656 -0.00778379713081935 -0.0249097309145394 2161.28133383502 2100
0.461 0.00616623394379343 -0.11245543236469 -0.0397233392711707 2132.20891951693 2100
0.462 0.0165043066499065 0.0356390770530888 0.0399586259897371 2092.96245265342 2100
0.463 0.0526300634797343 0.0448701483402568 0.0647194777426865 2048.36960943767 2100
0.464 -0.00511444148640327 0.000752672971632213 -0.046277644415449 2086.22090289786 2100
0.465 -0.0393745830158573 0.0778245540773783 -0.00912339615672777 2064.41523762103 2100
0.466 0.0686182686914002 -0.0475361745277135 0.0311656227810311 2093.90773955746 2100
0.467 0.0251608437337729 -0.0640399649376557 0.0969620593241824 2138.44391968015 2100
0.468 -0.00736255967005207 -0.0613017344939403 -0.0424608291701114 2116.47608964029 2100
0.469 -0.101502486212332 -0.0453710707421541 0.00251241740604866 2124.15146156611 2100
0.47 0.0611017474483045 0.0690751548950658 -0.0282803081162826 2172.51215935541 2100
0.471 -0.0344909715197858 0.0671499325733336 0.0344556013226047 2128.76179515168 2100
0.472 0.0245725978901697 0.0102146913618243 -0.0892637554219618 2088.37195830621 2100
0.473 -0.0542979973909151 -0.0283555924485963 0.0283312932890944 2118.05051751498 2100
0.474 0.0590577557852664 -0.0644256101610831 0.0412442297870889 2089.51468337152 2100
0.475 -0.0287198939578953 -0.0399084241003778 -0.0251625969619651 2060.37756342895 2100
0.476 -0.068542642962646 0.0311936395320517 -0.102140276190304 2169.61143832724 2100
0.477 0.0186336313682238 0.0375180942189949 0.0233553404260934 2061.69086026588 2100
0.478 0.0249170361557384 0.0928100866718956 0.0460133235591551 2139.97231689283 2100
0.479 0.00887678646310655 0.0461061823989803 0.00274087345157109 2163.00349839854 2100
0.48 0.00204480996610503 0.0678371909086808 0.0121430238115212 2085.27752158017 2100
0.481 -0.054362501875554 -0.0234906185019736 0.0229247039133705 2097.60466117389 2100
0.482 0.113396516919171 -0.0883806329012613 0.00343029585390695 2041.63115880545 2100
0.483 -0.0316489987594785 -0.0152309649159172 0.0371530071141891 2036.88563762314 2100
0.484 0.0149468607703514 0.00632609371446161 -0.0332217856416599 2137.81433526047 2100
0.485 0.00156059104265597 -0.00661347589725156 -0.00693416049530992 2050.35254096679 2100
0.486 -0.00454626221670802 0.0388775070657004 -0.00191785320105017 2138.38848345155 2100
0.487 -0.0233669722412564 0.0658956227477763 -0.0242835340042334 2118.9347974662 2100
0.488 -0.0288067049563124 0.0351589059443123 0.0313806422766443 2078.5939795954 2100
0.489 -0.0212909914226172 -0.0932217295866128 0.0355581781869592 2184.08381021377 2100
0.49 0.0140539077255899 -0.0237456190518437 -0.00232481959680312 2063.13770622962 2100
0.491 -0.00893567416117984 -0.0227605143128278 0.0146790304282647 2111.08487693301 2100
0.492 -0.0276895932721038 0.0454565328815484 0.0168360462633925 2129.67991028442 2100
0.493 0.0225839644011678 0.0572496774035494 -0.00376823433304759 2161.32927671033 2100
0.494 -0.0232352654672677 0.0554092180427455 -0.0303465212299553 2110.03269265964 2100
0.495 0.0188083959699625 0.0109636754491762 -0.00384176582538676 2171.44833974728 2100
0.496 0.0797562458619394 -0.0101761174676577 0.0306117897374032 2084.77572719784 2100
0.497 -0.0206759582273965 -0.0907955143761964 -0.00351901312364979 2158.59453483859 2100
0.498 -0.00930017835057351 -0.0357801264529665 -0.0542355037286384 2144.73215965161 2100
0.499 -0.0462745788802295 -0.034243320275688 0.017820568739224 2097.56409526019 2100
0.5 0.0544978543553496 0.0564574879838047 0.00537389796628974 2035.83350876715 2100
