# Fix print output for fix def1
0.000999999999999843 3.55810533778242 3.55641504407046 -38.2785052599831 600.868135020614 600
0.00200000000000004 10.5362270784197 11.573473082813 -30.1179941159658 620.826997769341 600
0.00299999999999988 -1.36707273898671 -1.80527521814916 -27.2253381674483 615.359785781741 600
0.00400000000000007 -8.36172415169426 -9.19808228891439 -22.7672909477034 611.70203811666 600
0.00499999999999992 -0.209148123763911 0.404112013869767 -25.7086014153923 599.510644585466 600
0.00600000000000011 7.3732243395347 6.58508008608408 -24.8989505214868 632.324705769064 600
0.00699999999999996 2.42309511507938 2.28123480447369 -22.9344627212803 610.605819854874 600
0.00800000000000015 -6.8187313749888 -5.71129295023437 -19.4917950960441 587.361156747821 600
0.00899999999999999 -2.58755716989116 -2.91342621862335 -19.3691265199779 615.256963251569 600
0.00999999999999984 4.57687419336696 4.49306240904757 -21.4099937401092 567.195251686244 600
0.011 3.83476065063125 4.11837805487637 -19.993220405788 596.744787267633 600
0.0119999999999999 -3.34840839300812 -4.20665442837217 -16.4521207518043 581.338096086968 600
0.0130000000000001 -4.35852117597335 -3.85826856159382 -15.2607805111513 590.657408525624 600
0.0139999999999999 1.61891444118822 2.05522612800309 -15.172469585153 597.672750542605 600
0.0150000000000001 4.01775920165956 3.51864319181232 -14.2532702153465 603.674644651146 600
0.0159999999999999 -0.575907068165365 0.418163167057165 -12.4235539823937 588.567637840111 600
0.0170000000000001 -3.86940720340617 -3.46464436847109 -10.4738344394957 589.127146659698 600
0.018 -0.27168993670404 -1.17926069871221 -9.97390514432998 621.101985914731 600
0.019 2.42451214589118 2.75994977880572 -9.81226002971768 590.277131903113 600
0.02 1.25224921884142 1.19262993446316 -8.38395284128315 576.363568156521 600
0.0209999999999999 -1.11840506088518 -2.24716861168876 -6.26043309026647 612.846161745681 600
0.0220000000000001 -1.22917769408745 -0.613673535048026 -5.68865181197243 583.798816404816 600
0.0229999999999999 0.80862204912784 1.0528684077029 -5.30873664778033 605.502256828443 600
0.0240000000000001 1.36744654905398 0.725587063906442 -3.96115563985565 591.867107607515 600
0.0249999999999999 -0.589566585895221 0.220289949666461 -2.72783098272811 614.39410077434 600
0.0260000000000001 -0.653160764274084 -0.764173366579645 -1.68207013937208 612.420268365532 600
0.027 -0.160863953520488 0.0535108749464012 -0.865340296213668 591.934808734789 600
0.028 0.452434711288587 0.642696720462897 -0.0794609770294251 595.905238937515 600
0.029 0.272225974277097 0.20278936475465 0.887861801665251 583.38668381996 600
0.0299999999999999 -0.084681381900661 -0.593785203665625 2.03385117035303 622.968285508855 600
0.0310000000000001 -0.134610680402247 -0.173432593479797 2.95364285464295 607.795897350308 600
0.0319999999999999 0.497233112104174 0.933318747289223 3.67401154604171 605.201569545065 600
0.0330000000000001 -0.0386156833830089 -0.38586633797287 4.90478412385587 601.901555017249 600
0.0339999999999999 -1.31877178558428 -0.363350238337081 6.29131845923239 593.98906743192 600
0.0350000000000001 0.326671056857032 0.24429738169452 7.02707477351155 593.300114819578 600
0.036 1.21878608232726 0.621708956268412 7.98841841658159 623.083201847008 600
0.0370000000000002 -0.122173133627973 0.00447817773959243 9.16988758499731 622.084439718839 600
0.038 -1.23927390492554 -0.591028835744204 10.4074961082504 619.751463152391 600
0.0389999999999998 -0.0472427583659314 -0.420125190332432 11.0006091540899 593.806416874612 600
0.04 0.436052932197042 0.365567666211096 11.9459070213197 595.150843444202 600
0.0409999999999999 0.298100635506678 0.644394586696699 12.6829432919959 613.676647560876 600
0.0420000000000001 0.215867659675298 -0.611934464831347 13.8818114820938 614.436268188278 600
0.0429999999999999 -0.765614835418245 -0.0272041444636606 15.132227922923 621.680018651068 600
0.0440000000000001 0.101973291599195 -0.0913238296958278 15.5425473788277 584.470697599288 600
0.045 0.462087013679895 0.550853827425345 16.54620769117 615.212138216909 600
0.0460000000000002 -0.00285937416062174 -0.102411488128199 17.7592150398849 588.909559641114 600
0.047 -0.253673528358712 -0.257241682759944 18.3994475600885 602.679409402017 600
0.048 -0.524243577696063 -0.0060859356716827 19.9292217290918 612.085902349134 600
0.049 0.361430195022608 0.276033569995334 20.4889054707109 600.687468955708 600
0.0499999999999999 0.925992739924699 0.443725784511512 20.7840241445438 612.063977009047 600
0.0510000000000001 -0.670324177344892 -0.457274857680622 22.0594236912116 591.488558382747 600
0.0519999999999999 -0.608710819326571 -0.802721082260094 22.8161157805862 603.352765236458 600
0.0530000000000001 0.497840189182033 0.257335991147046 23.6236767377119 600.096269314804 600
0.054 0.344534356774914 1.1815146228699 24.1580489610963 580.550981027148 600
0.0550000000000001 -0.306989358302407 -1.01613428893784 25.6119753734055 603.306166472391 600
0.056 -0.676142891019735 -0.542376381224316 26.2566418453618 598.048340397826 600
0.057 0.460373322115908 0.718482232154297 27.0425571535389 582.240519074509 600
0.058 0.841264691912992 0.54235043254061 27.7518694754148 589.878453055695 600
0.0589999999999999 -0.866234204035626 -0.298462218767605 28.6400322462279 620.734586705077 600
0.0600000000000001 -0.827635650106047 -1.31941706323615 29.9208182910836 616.296312412182 600
0.0609999999999999 0.0390998374672658 0.451793684538001 30.1639636830557 600.667955469195 600
0.0620000000000001 1.1093018486376 1.19718340163202 30.454427901542 583.220046304187 600
0.0629999999999999 -0.305072225467265 -0.449859131602913 31.9218176042351 617.603767776982 600
0.0640000000000001 -1.28967957799328 -0.74845883694099 32.8401212716021 610.033389756959 600
0.065 0.368332913579137 0.286572893594709 33.2793364557232 593.64157577399 600
0.066 0.963054313765524 1.29222345648386 33.9206768332448 598.041349859345 600
0.067 -0.186391619749109 -0.20771186293324 34.8452176478542 600.294728339486 600
0.0679999999999999 -0.967070476227469 -0.883843078462154 35.8293712581774 594.838647005815 600
0.0690000000000001 0.335363558039807 0.367284813319495 36.2156745320174 583.088887981686 600
0.0699999999999999 0.484828891712581 1.03663062107406 36.1853678624721 590.062500445716 600
0.0710000000000001 -0.693030378479536 -0.341080445191734 37.3327603972217 609.687669921957 600
0.0719999999999999 0.0172116179022759 -0.832165729074023 37.959084343758 590.702135462773 600
0.0730000000000001 0.469984182306106 1.03519676698613 38.7947760773991 580.008413824696 600
0.074 1.01145190551738 -0.199953490268171 39.7665302649036 610.052388079159 600
0.0750000000000002 -0.728315708980595 -0.552179226351665 40.9018374375398 579.118314211356 600
0.076 -0.556120664578766 -0.0622188213474477 41.3477066268149 614.462511241046 600
0.0769999999999998 0.79065913512104 0.576676699365189 41.715272596364 609.696452449536 600
0.078 -0.339303769989487 0.664608794002306 42.6647370577954 603.891412366847 600
0.0789999999999999 -0.281040894065682 -1.07100794162864 43.2108308969801 614.078427774296 600
0.0800000000000001 -0.186904298263185 0.804444447590223 43.6150995653505 578.676590781431 600
0.0809999999999999 0.992373227962623 0.3796819974246 44.5412440820457 589.770250880249 600
0.0820000000000001 -0.512092133064568 -0.189194741540932 44.9312690851543 592.598330335812 600
0.083 -0.224876680428902 -1.01920459414276 45.7932892613182 611.873141595822 600
0.0840000000000002 0.118552011765089 0.291279167127663 46.1509436792415 590.16102993094 600
0.085 0.903319945137681 0.253190124323682 46.8380814384848 607.196113437559 600
0.0859999999999998 -0.320522371393899 -0.296581747098619 46.1766142926008 620.805275078013 600
0.087 -0.811964496371288 -0.122512235546904 47.0869031582044 569.112952513673 600
0.0879999999999999 1.29843830092864 -0.0171020526036706 47.3269577078898 581.976493128209 600
0.0890000000000001 -0.722641895045768 1.21134146703233 48.137663978603 594.301390076541 600
0.0899999999999999 -0.000203621466260993 -0.808047285456151 48.6501601583577 589.37629672982 600
0.0910000000000001 -0.545172230977712 0.274621501395025 49.1893797354623 589.308863223456 600
0.092 0.6289293715005 0.517165787739689 51.0941457221968 577.691086725942 600
0.0930000000000002 0.55862006017049 -0.425065385073434 51.8118774716093 594.636603986497 600
0.094 -1.36632897581676 -0.0478433076960577 52.1527078196875 613.324058000289 600
0.095 1.04950669335998 -0.602830279643991 52.3516348870115 595.098651645526 600
0.096 -0.206129213904763 1.02544943072074 53.170872028221 613.391742850917 600
0.0969999999999999 0.259968153634284 -0.84477878472518 53.8808309540168 611.209535927857 600
0.0980000000000001 -1.00532270219854 -0.313415093090084 55.9589995976333 588.637671236762 600
0.0989999999999999 0.441461085571679 0.319475142479048 56.0482289252542 593.333545399629 600
0.1 0.69806722283384 0.111320728052199 57.3911820780201 609.120545275878 600
0.101 -0.827932228107777 0.00958551195174913 57.3906532568111 612.750894578384 600
0.102 0.74144996696212 -0.92158606179993 57.8964582884506 610.333561010272 600
0.103 0.23257765404082 0.938226406681374 58.4974396683413 613.645570997837 600
0.104 0.450497987649321 -0.207815927725221 58.9550547395389 581.563380875205 600
0.105 -0.622368188803464 -0.374442362397087 59.1531725932069 609.262094046786 600
0.106 -0.232657335079859 0.0381859466093293 60.1894237443632 588.501101180781 600
0.107 0.633648477732989 0.206389101256143 60.1313412769234 602.854067183654 600
0.108 -0.306011222396882 0.220143740099305 59.5796618281855 604.686921293583 600
0.109 -0.459745777004096 -0.729965331648826 59.3837269569718 610.5861824779 600
0.11 -0.124103037635232 0.324909669159004 60.6527823086091 614.351129958377 600
0.111 0.404194061909732 0.427279743714351 62.6189674098867 611.405397546247 600
0.112 -0.404197151431676 -0.451864975518358 63.4077639435628 608.966003194502 600
0.113 -0.18856419419132 -0.24661872949916 60.2184511162741 616.761986050738 600
0.114 0.25176186242547 0.290897358039995 61.7470850786822 606.339508712322 600
0.115 0.257833873781696 0.403837601484755 61.2011595556493 603.183953856773 600
0.116 -0.287414095723129 -1.05424457994101 62.3205015774336 602.686881316523 600
0.117 -0.635189934658391 0.551995804985387 64.3280853515601 629.108198320638 600
0.118 0.906537682752503 0.25181220784865 65.3890757441075 587.371365402903 600
0.119 -0.50398741879475 0.216835846008769 65.1616717391914 572.108905770638 600
0.12 -0.564375367156845 -1.09846134836693 66.1497966347537 602.354702074806 600
0.121 0.213805914282675 0.732861180747103 66.0636161500188 589.90071176072 600
0.122 0.402046454800138 0.155927950221188 66.9624468570906 605.30080216816 600
0.123 -0.360915252053763 -0.478301242040693 67.0302033518677 622.719646224152 600
0.124 -0.614995147067842 -0.295594950691973 68.1584335740356 615.682443653311 600
0.125 1.09896906904389 0.277902678014016 67.5623948362202 598.125645619888 600
0.126 -0.247029097209305 0.529176519449164 67.9837262456369 608.774208433943 600
0.127 0.225759188637165 -1.24335871563724 68.9517079268537 602.843115310239 600
0.128 -0.342254678274796 1.20002465796469 68.8179568020994 606.421660579455 600
0.129 0.659417896523634 0.188285891861456 69.5175560036211 613.675118913512 600
0.13 -0.727244245884671 -0.1467281772702 69.5027391049242 606.195365891274 600
0.131 0.264265324033125 -0.0923412432180538 69.4962197974838 616.500225788783 600
0.132 0.478425347827911 0.671481190440211 70.1180611584974 593.277517328536 600
0.133 -0.222326366134962 -0.112705107139988 70.3927568084618 595.281108169303 600
0.134 -0.00100092570344001 -0.497361721902384 70.5867091525485 597.225160832909 600
0.135 0.193656636152227 0.653472161504304 71.1466324715327 576.320973309487 600
0.136 -0.120735218113138 -0.0967753312066247 71.409014258224 579.614031778529 600
0.137 -0.50607781177998 -0.148915856242549 71.3156850141123 577.454136020542 600
0.138 0.0900130812045607 0.40875817444987 70.3996053797036 588.730495840687 600
0.139 0.437346985007727 0.397037885826489 70.5106461881174 614.410747686183 600
0.14 -0.474269148536679 -0.066394667802902 70.9337337246755 625.991534846047 600
0.141 0.149933856924268 -0.308665243219902 72.2580904354092 598.547581518876 600
0.142 0.214018865150992 0.33786097141372 72.948102936171 606.560102808661 600
0.143 0.0886429696032166 -0.10230497256007 73.0805237847688 590.559892223589 600
0.144 0.0207661777644963 0.39826887615486 72.7969895897241 593.166573643638 600
0.145 0.326709325933534 -0.0271580985391137 73.6891331322681 583.139890230574 600
0.146 0.144258764866873 -0.241602682924185 74.5247113950488 597.884221821594 600
0.147 0.178456822216742 0.130811135559319 75.0413480645473 577.092108430977 600
0.148 0.261388661031378 -0.174151885764841 75.6363570161865 593.720032621546 600
0.149 -0.677368639629666 0.0877938668201688 75.5980349412643 621.620166991358 600
0.15 0.381897095618284 -0.0538978252696753 75.9296749871196 609.010445003769 600
0.151 -0.24102632376837 0.822488275036053 76.6083937003979 613.699906553312 600
0.152 -0.0898858375825734 -0.74816491761227 77.1372703330085 617.176595710071 600
0.153 -0.186447710001715 0.243603180051066 77.3348000389566 588.016442363688 600
0.154 0.798933374451097 0.035741118057807 77.7692890271855 621.854261185108 600
0.155 -0.64936554652896 0.282623382421249 78.1301461098041 592.567603485718 600
0.156 -0.153769382671682 -1.2072859549155 78.8191225357976 594.106628733714 600
0.157 -0.0170372031261095 0.957312103568968 78.7997911261314 591.336662423346 600
0.158 0.424277200836354 -0.227177248647243 79.0549846595983 600.874532041985 600
0.159 -1.05599972281245 -0.358024237668787 79.2014026826341 593.570391671271 600
0.16 0.805438470081429 0.0120681751851116 79.2603035148139 586.555474233737 600
0.161 -0.330367649843066 0.96824704040494 79.7972954150908 603.122447852237 600
0.162 0.273709939583385 -1.06076829588649 79.8691004619679 576.414413021636 600
0.163 -0.74161077656094 0.610313191420743 80.3614575911429 597.745132587491 600
0.164 1.34937565016101 0.269153743010227 80.6692946856758 614.599444366533 600
0.165 -0.677013557645787 0.463346573399462 80.3307782662525 613.912795475622 600
0.166 0.391896780764302 -0.734509980996802 81.3599240318842 592.747838647773 600
0.167 0.0498790453528239 1.12803484636266 81.1061118745996 576.999511073438 600
0.168 0.658096250839074 -0.078044969196709 81.5190722761972 590.636585539624 600
0.169 -0.548851306677145 -0.0840531468375885 82.4824639028781 596.179738093102 600
0.17 0.612709551290067 0.146343324961105 82.0701955432115 626.688212450342 600
0.171 0.104991586137498 0.561339933562722 83.2877509154965 597.57774165778 600
0.172 -0.170889866991515 -0.609532556562212 83.9321142879885 621.312240898001 600
0.173 -0.425948793314065 0.47359718822051 83.8012837863095 628.152924866089 600
0.174 0.635231882315376 -0.460490125315235 84.2351766266136 601.57597156713 600
0.175 -0.315565974442949 0.0326565607535587 84.47844461997 611.268268881024 600
0.176 0.326127266413575 -0.13557530331722 85.9468946161358 592.383723826462 600
0.177 0.17012336013665 0.389601367550468 87.0349230213206 613.10548835423 600
0.178 -0.0800450526767746 -0.736701926619885 87.9961091230288 591.279341748119 600
0.179 -0.634241456404261 0.488063575651917 87.8647511136401 594.96488578777 600
0.18 0.743916154362771 0.0964690018537942 88.2012444208697 579.081640396324 600
0.181 -0.858292231575402 0.28615411986341 88.2042981683127 597.605825742683 600
0.182 0.497423300143481 -0.495890743434929 86.9765549252686 594.466594071325 600
0.183 0.217327685060604 0.856771549998148 86.4785318140422 579.485207937817 600
0.184 0.611188188571048 -0.821117878343856 88.4408436644114 616.104963079375 600
0.185 -0.846766076806208 -0.00549050158594908 88.0853437972885 596.962241726662 600
0.186 0.703937352700581 0.00879076598824259 88.3571952076694 580.615297231516 600
0.187 -0.124015372887932 0.634708344448643 90.2831242758426 619.296069762816 600
0.188 -0.230667350023347 -0.769409698132053 89.6123626114725 604.832402514326 600
0.189 0.0246858932248591 0.429816614839423 89.7008331567954 619.363845276871 600
0.19 0.773803719250948 0.487057039586403 90.8283687676232 584.102757469284 600
0.191 -0.82884924041411 -0.562959526479498 91.136152193008 624.664634847253 600
0.192 -0.102272536602396 -0.352536145883375 91.5438608384206 593.129758950122 600
0.193 0.771727514021341 0.880520438324747 92.165223439915 603.996475296154 600
0.194 -0.0727150274766667 -0.322085390352962 93.7419439532337 611.839540407496 600
0.195 -0.970461056852418 -0.281162855691147 91.6598468436379 603.6696878559 600
0.196 0.920081020539596 0.287437393864715 91.6023549589192 617.244303305189 600
0.197 0.195329495369527 0.395266589178229 93.3285352285712 591.100016779107 600
0.198 -0.35567536819155 -0.971355401317973 93.8528238012057 602.597129572326 600
0.199 -0.353294599076578 0.684443735114805 95.1330670711254 595.036314831661 600
0.2 0.931125896866037 0.450035422571925 94.0660816344111 621.38617510065 600
0.201 -0.874963373045873 -0.53318030226654 96.8065752141259 603.42644415773 600
0.202 -0.0943697123216834 -0.498344368962353 97.0307660142659 615.574194835542 600
0.203 0.415267120625626 0.799374878158323 95.7018859536533 622.379454487372 600
0.204 -0.0373649620533004 -0.15618381864207 98.9170874977917 609.32849256386 600
0.205 -0.26150436965104 -0.580775606003758 98.6545296998394 609.374192221473 600
0.206 0.564230564852507 0.70357904167723 98.249797432935 592.66788354599 600
0.207 -0.0556062314700093 -0.37917830038488 99.9735921711256 607.009752831107 600
0.208 -0.622758669886556 -0.088276019158856 101.702695022844 621.607351359087 600
0.209 0.889247006907437 0.48904566383523 100.789588379009 582.671325590805 600
0.21 -0.574130040683816 0.0843105256883571 103.366776326152 596.203605812085 600
0.211 -0.429274147880192 -0.886704934524656 102.682353037016 620.940406636282 600
0.212 0.701129468847456 0.904494477479018 103.110990865522 585.5644712678 600
0.213 0.0352613104984463 -0.0771574941905786 102.841303108352 605.643032571791 600
0.214 -0.887662046227849 -0.632347381158449 106.607648822055 592.617217151976 600
0.215 1.05015123219564 0.273466454262445 105.261053135315 615.902756784769 600
0.216 0.641311059729307 0.389167901888532 105.899730192202 588.277013604433 600
0.217 -0.93984311667545 -1.0890162131919 106.974717922536 596.494886021757 600
0.218 0.294053496200605 0.0834570565415042 107.521341800962 598.000273109145 600
0.219 0.86479815549988 1.09816980714573 106.591654512241 596.231724121297 600
0.22 -0.710544106430523 -0.589664417964281 109.342129274773 602.967339756133 600
0.221 -0.264984962945008 -0.348072945745786 109.924158475954 596.659516976094 600
0.222 0.701098229441524 0.891418901356506 109.178126247519 614.290002835218 600
0.223 -0.2873478740963 -0.170711761950208 112.117859381181 585.772591024843 600
0.224 -0.368052574571788 -0.359662668850252 112.625045047716 600.749354271264 600
0.225 0.850138846591006 0.96663887145391 113.892440235738 601.025164483887 600
0.226 -0.220748017773148 -0.358906302619712 114.293776062491 599.583437679365 600
0.227 -0.486082191690318 -0.437594389851673 114.631058592403 622.465024986441 600
0.228 0.933578632014722 0.619313891157256 116.648392567643 578.488761214888 600
0.229 -0.352933339253043 -0.0643619537868137 116.112106588051 607.090644224287 600
0.23 -0.43105263223589 -0.483322215986976 118.42117412207 594.790225702182 600
0.231 0.572100653107346 0.859637062171002 120.280141232525 589.785004384686 600
0.232 -0.189835889660265 -0.0859831608839786 119.615932402034 605.570378385019 600
0.233 -0.829701534567231 -0.364578567415717 119.84470078745 597.268155496407 600
0.234 0.899671721168766 0.281539255398394 121.317674424929 605.04019464248 600
0.235 -0.0398278141852808 0.0903591341903501 120.415828739914 623.094550288862 600
0.236 -0.588929118016115 -0.492547984774615 122.008909400168 608.256889904691 600
0.237 0.743583696116904 0.346258639956549 122.055012667191 615.600325038148 600
0.238 -0.0516549991274749 0.0829554846976077 123.824307127673 601.020329304982 600
0.239 -0.177749395247239 -0.676990370162369 126.447227907507 581.300689669224 600
0.24 0.0403190828247552 0.565878638375292 125.116525121711 604.504353878891 600
0.241 -0.261984888599789 -0.187306380202875 126.216297725127 612.639411362878 600
0.242 -0.235039618089555 -0.295033916898143 128.982390788504 610.368557900638 600
0.243 0.425914607131252 0.643903190526189 129.699428969171 591.53614182235 600
0.244 -0.367373234229598 -0.0983889651397794 129.989113525979 614.092617251559 600
0.245 -0.17764397514313 -0.0929500989173049 125.284607657541 599.102397451529 600
0.246 0.741483693027148 0.267427858741575 125.216645578151 573.055927410468 600
0.247 -0.484708195658022 -0.129374718958591 127.633813692573 608.712271678011 600
0.248 0.225250845919057 -0.482458052437978 127.530870271555 626.908068820537 600
0.249 0.420079758304652 0.710811096430224 130.285080833746 587.529869220102 600
0.25 -0.305099046489652 -0.443762292232814 131.169280322405 597.254614219916 600
0.251 0.0986251953058274 -0.0773625044109747 131.566467751945 587.769717690864 600
0.252 -0.00235809536097448 0.822750308051872 132.756152340349 610.739194894285 600
0.253 -0.308016313491237 -0.732809735357129 131.53315869075 601.233064944939 600
0.254 -0.0224629060742587 0.379115041999778 135.162084081974 583.586960055267 600
0.255 0.151702988689378 0.693213444170328 137.321561259859 577.856993454854 600
0.256 -0.389117542692661 -1.05134538392533 134.23262871278 590.875936730743 600
0.257 0.357477091201038 0.711594703864615 135.070075118154 593.377170386969 600
0.258 0.0705403520796184 0.0174279339154695 135.801333736551 599.195368034978 600
0.259 -0.413436023541473 -0.837065881862153 137.719993639872 614.658340548555 600
0.26 0.475736447979399 0.723867327545825 134.162893554282 599.679584700051 600
0.261 -0.405317146735057 -0.312643808987102 137.105522273168 616.894801994577 600
0.262 0.0203474822945899 -0.259819155859043 137.64554845881 601.540697662839 600
0.263 0.191760071659194 0.95189858137286 136.411609606317 618.083794361056 600
0.264 -0.71218971059426 -0.510659689697332 139.616422644537 592.026753366327 600
0.265 0.6520693115921 0.0506814584449725 136.896204392611 624.368278270269 600
0.266 -0.0146241492063358 0.519108834854898 137.003183189256 585.668768455592 600
0.267 -0.478287987209071 -0.547326131075287 138.812497133007 578.759848291559 600
0.268 0.8278464837289 0.414212213467608 142.85524791556 606.003723982958 600
0.269 -0.379059110450982 0.139595079361446 144.112952282499 616.636893046518 600
0.27 0.149804400819004 -0.351175745853951 140.935397727587 610.772935271469 600
0.271 0.649567809229459 0.438200847436379 144.47479857959 589.268770316196 600
0.272 -0.658413982929747 -0.23784884876201 145.270478863497 615.783150172757 600
0.273 0.233402926707548 0.333592051114796 141.730090351216 602.688967449774 600
0.274 -0.0474442912608476 -0.11471762381766 142.786905022307 596.898926078621 600
0.275 -0.540545536315056 -0.489455777222151 146.70000617326 601.386044074261 600
0.276 0.38040867719359 0.426623401595973 147.249577191693 588.754789180492 600
0.277 -0.0969063053485075 -0.206493880695059 148.494978831262 615.88752346314 600
0.278 0.121922184960666 -0.191656825909424 149.34399588635 583.49216912185 600
0.279 0.0720525647933908 0.51508720196478 150.855742979638 601.208135040639 600
0.28 -0.499664841693927 -0.303338477467358 150.013985368971 607.786225454228 600
0.281 0.614185410090898 0.089525723554649 150.203336810835 579.419268057825 600
0.282 0.0123761968888388 -0.000547166246551266 150.937340181722 620.002240477998 600
0.283 -0.374541968884055 0.171593673730337 150.958788687342 614.82123262187 600
0.284 0.154534271289402 0.280319312303453 149.490489966758 608.468387881702 600
0.285 -0.00681041913913494 -0.347046478217373 152.160215522182 627.911089943055 600
0.286 0.0433437965611493 0.717558942617716 154.539927065864 592.140290404066 600
0.287 -0.167018994267132 -0.141189254068116 153.721354202518 578.85458998536 600
0.288 0.121209277791104 -0.0435460772739215 152.283006436259 627.118142641435 600
0.289 0.243466182797485 0.0265380733961835 153.093307076823 603.637383574437 600
0.29 -0.0856236184833949 -0.403568057437091 152.315932856985 613.260967530462 600
0.291 0.439317111726365 0.076264384372553 151.163622571793 600.846177638149 600
0.292 -0.38959740032748 0.186947580506247 155.189292784986 594.254937186658 600
0.293 -0.240652899420884 0.339404361077333 152.717042072774 580.272591676336 600
0.294 0.349147922714806 -0.444937382937146 151.326811081014 605.266510527703 600
0.295 -0.0201871805742271 -0.257817600647425 149.460657300574 602.669166941567 600
0.296 -0.336026457383537 0.591804905444915 151.048158535116 625.173710779392 600
0.297 -0.101676791680697 -0.341749267703043 148.57354127568 602.560897633587 600
0.298 0.448754759933771 -0.433590959194035 149.994562327622 616.868470927693 600
0.299 -0.355078416162824 -0.431970262962819 148.235641069186 574.944259064926 600
0.3 -0.239934695569385 0.806645214173571 152.117441849144 583.273715760789 600
0.301 -0.385677101537106 -0.468598682479496 157.584063221488 583.779573473683 600
0.302 0.62782138170266 -0.415946810179415 160.546136402004 614.41997184581 600
0.303 0.106259578058614 0.014553114245577 156.341733453633 614.786743657704 600
0.304 -0.594016184452129 0.00740034054259022 157.536725600522 606.745537571117 600
0.305 0.300492055170603 0.664371075866838 156.198559279636 591.462432119855 600
0.306 -0.394617311836276 -0.494624548566713 152.229467694279 619.377603491129 600
0.307 0.54693806341695 0.411791500953607 155.529280630449 605.863172060399 600
0.308 -0.65602131999281 0.0177020472339436 153.587352380727 618.731286142186 600
0.309 0.208801981487804 0.730254085744294 154.008237588151 592.056674455112 600
0.31 0.120172295212136 -0.688016570659779 154.566663747397 591.894965653644 600
0.311 0.719991654726551 -0.0429824978199942 158.199333038296 596.458342682981 600
0.312 -0.475704383878931 -0.251975942714771 154.852582048542 613.843183408044 600
0.313 0.022620560354331 -0.0147041776822039 156.389616408302 577.909298895994 600
0.314 -0.0857524488258568 0.155058392561911 157.63603736208 591.922326683766 600
0.315 -0.175088160018552 -0.289945778230995 155.525783742455 606.880570877267 600
0.316 0.350388068106787 0.03075671984342 157.718984266025 601.907503293345 600
0.317 0.161418164893795 -0.736235471321415 158.812598554404 581.286052900518 600
0.318 0.0866402565422513 0.170983809643699 159.90672662046 596.422900369419 600
0.319 -0.509853687960606 0.131349634166254 157.719184027628 590.772410648264 600
0.32 -0.20289282447113 0.113435642241725 156.501753644611 595.857239432491 600
0.321 -0.281397393613897 -0.0648457437850567 156.270513421265 603.418964028089 600
0.322 -0.00719011137380641 -0.31094110911177 154.649928346714 584.472075068652 600
0.323 0.31593525372559 -0.0183663613338822 155.337822017744 577.906067198512 600
0.324 0.00146787228323632 -0.242171810160299 155.368576466253 587.782999615433 600
0.325 0.29575253612083 -0.0441481678191566 154.096100800148 589.487545613494 600
0.326 -0.343099459204684 -0.0750929960702714 153.062022855152 614.969821156265 600
0.327 0.197187042612063 0.485964108927837 153.965541840667 591.924893932019 600
0.328 -0.150295461166274 0.2862338874228 152.55074277838 590.521593174028 600
0.329 0.392853695224199 0.710115961238391 157.87310356706 615.877350750916 600
0.33 -0.116642672574068 0.194976398030594 156.517173205094 619.738394354568 600
0.331 -0.182426388254167 0.523294387542104 156.021565916756 600.540582984119 600
0.332 -0.0585592923982319 0.439478324824889 155.984595540295 582.442575194607 600
0.333 -0.038585732291314 0.332194863438196 159.801640445048 624.767855650125 600
0.334 -0.155652485376683 -0.366126111474121 157.162482217828 601.673934248364 600
0.335 0.437650520853801 0.44440351420199 158.012605345378 593.171834454053 600
0.336 -0.736153114153098 -0.281640652522241 157.9924748921 595.193166333753 600
0.337 0.0537870397696317 -0.067660138294894 158.589115090403 591.222841935835 600
0.338 -0.210628803923341 -0.165992749958607 157.114990726491 598.580225020084 600
0.339 0.224107296918297 0.0647612287161896 156.600386646836 609.273421105627 600
0.34 -0.258173736381433 -0.261198601930396 158.51153956305 622.067506855117 600
0.341 -0.0773665972719742 0.0586414669730655 159.124839733128 599.744595867295 600
0.342 -0.298056271378537 0.202032386417493 159.749664225489 586.977438916823 600
0.343 -0.330388090353047 0.0999364062738038 162.632329509275 614.068849260141 600
0.344 0.057163874271375 0.448553955785607 160.221001558654 592.456188073977 600
0.345 -0.302555795903789 0.396459302149948 160.070673622588 570.805448310429 600
0.346 0.154854169356628 -0.30521709259525 159.633152911695 599.108307888134 600
0.347 0.407452012595086 0.0933962900033069 157.383513332178 593.303922550708 600
0.348 -0.130707533837152 -0.234431679012027 155.219414246358 622.745051371497 600
0.349 0.192979579370011 -0.105721500826753 159.225046730599 587.366223521768 600
0.35 0.0485686417567347 -0.130508100199164 158.490275149763 620.410823759191 600
0.351 0.133133917785097 0.464257379287222 153.946033071306 602.058186525131 600
0.352 -0.643519949132435 0.0459393536538603 153.282654898153 586.779356437549 600
0.353 0.0785425602046467 0.351678865981123 154.661310089237 611.020656306697 600
0.354 0.289358384777289 0.55161504169031 156.930094878498 602.404320385707 600
0.355 0.0611325053892979 -0.193760599955052 152.606048538967 598.409505909589 600
0.356 -0.225243136382284 0.47605190174249 156.106779244492 608.896560271837 600
0.357 -0.480353888608224 0.146313142251878 154.671426728622 627.457442920987 600
0.358 -1.52216717289328 -0.813600340307862 152.648082261515 622.27531206898 600
0.359 0.531216384175008 0.913265852895747 121.842498381619 618.342642509775 600
0.36 -0.121977281849984 0.104098603604453 89.6979734879176 622.350883992977 600
0.361 0.0220142698675655 0.38663308849702 77.2692348720724 612.22464633623 600
0.362 -0.113639692250739 -0.0895191406589258 50.9845164450224 596.7199033844 600
0.363 0.228626967161162 0.290879587271006 38.8429909982954 596.384521665172 600
0.364 0.0106968281392176 0.0989862999932057 25.5337838823513 605.485664715598 600
0.365 -0.114887532951575 -0.10155345123613 8.90519249669529 619.227333276357 600
0.366 -0.242591110690334 -0.176897780247562 -20.1876683874227 612.082429300681 600
0.367 -0.157267378121742 0.106651294407524 -37.7845330732152 597.768607196414 600
0.368 0.424486116133192 0.0573492165501979 -23.882697991427 609.477521242844 600
0.369 -0.000210227228088987 -0.0661023263130262 -6.01932963142229 600.349541943571 600
0.37 0.177907385793567 -0.256824858693108 5.129161534461 596.265643392671 600
0.371 0.0715220845413586 -0.0291615468958656 9.50564769416454 580.100371777256 600
0.372 -0.0266034179434054 0.163512397126758 7.46118849656756 582.161222180325 600
0.373 -0.0927313007367659 0.344974990728587 4.40981037790028 604.417992679876 600
0.374 0.157103154958192 -0.143804415607868 -1.83839235814387 607.925840685198 600
0.375 0.00861750363003381 -0.151324768005885 -10.7551303049502 613.320573409275 600
0.376 -0.402490395534427 -0.532615749184801 -17.1282026039616 619.800415438932 600
0.377 -0.739852686573786 -0.228379692733813 -4.33870445714862 601.857702552056 600
0.378 -0.226784559233911 -0.227621059331908 9.06369129971946 588.319006637381 600
0.379 0.226402110152271 0.357679331181802 15.776086098742 598.726826794051 600
0.38 -0.314756870753732 -0.405749776126936 12.1743291903206 599.874776431224 600
0.381 -0.060267301815204 0.100495519273888 3.49093383109552 581.242987357928 600
0.382 -0.342135488929367 -0.119170539376009 -9.17563971770126 591.079607841904 600
0.383 -0.179526555683705 -0.491036495713031 -15.1177857622229 601.6875039729 600
0.384 -0.385025565018272 -0.541163082867052 -9.61848267357034 586.36887694171 600
0.385 0.449992273227056 -0.109722805021064 -0.164719233457154 585.98987912229 600
0.386 0.91000065263027 0.321668714804071 8.74018229644203 602.022504394827 600
0.387 -0.373228869370966 -0.498705906315748 10.3632936620699 607.850937916779 600
0.388 -0.776445045257686 -0.318306221292258 7.16115593208504 609.494129318036 600
0.389 -0.452082706449014 -0.361634131174883 -1.30738671921586 617.684511394516 600
0.39 -0.103512589601654 1.0666070667935 -8.43981646592468 582.370739282571 600
0.391 0.23920330132908 0.376335937914349 -9.53678614475002 588.377594937409 600
0.392 -0.139604661824733 0.0963937379411193 -3.58482607302501 618.110455239719 600
0.393 -0.723726842218606 -0.732071932057645 3.21176483840643 602.153954574872 600
0.394 -0.114234613913714 -0.442925404739211 9.0697499625361 615.862665804981 600
0.395 1.06357379500528 0.124233681956196 7.21156486878789 600.174846310866 600
0.396 0.347280859298693 0.256443007997891 2.73694834046676 594.501233369977 600
0.397 -0.675072686965328 -0.483007739267496 -3.63108456943829 589.248590960661 600
0.398 -0.92354265766886 -0.627578490728704 -9.22796255956246 619.56900714659 600
0.399 0.483767365587607 0.86565902551503 -6.6360927220772 578.297449728068 600
0.4 0.715145667714608 0.400175192906644 -1.2843703587549 599.529850030982 600
0.401 -0.512429064827655 0.140676874791349 6.31578556974249 603.743214947132 600
0.402 -0.0427325639705319 -1.052347289567 7.15125048646621 599.767857089301 600
0.403 0.28141796266853 0.876729989658819 4.36585692304311 616.820395906448 600
0.404 0.224105740645593 -0.0282887932887819 -0.622496411452887 599.94617229781 600
0.405 -0.122841123130819 -0.915625651566754 -5.95786261918618 590.110972637034 600
0.406 -0.753677830589072 0.0787648545211148 -7.22570124555677 599.398070661947 600
0.407 0.382050598278328 -0.389194091355574 -4.94630723022095 578.913105993428 600
0.408 0.835957618745241 0.60412175875418 2.37440973367485 612.343738160631 600
0.409 -0.210707893894554 0.367552203926069 7.45320731824228 598.034217550337 600
0.41 -0.0980514409947548 0.0296857645079251 6.58030156477459 584.009293762229 600
0.411 -0.0831613788223566 -0.137808654771178 2.42641340825148 591.495970240925 600
0.412 0.14393613869473 0.426098293561127 -3.72601575037898 604.9162318197 600
0.413 0.639058330133592 0.297537776337727 -7.96125273282797 595.307197409497 600
0.414 -0.470956598202937 -0.412097321308838 -5.39316391058392 598.218537279159 600
0.415 -0.0919200873724502 -0.303888404353904 0.353647237490432 627.897750908445 600
0.416 0.177180433004962 0.0503297510199517 4.56219231692175 609.281215003043 600
0.417 1.02885783862943 0.178619452155726 6.31869718877598 599.807369498031 600
0.418 -0.454646807298191 0.28312235473428 3.15401076593622 607.846936613935 600
0.419 -0.17513426020278 -0.242162064885541 -1.05953447422696 587.066017532061 600
0.42 0.209827803223362 -0.453610777778338 -5.95790480465739 597.089373429995 600
0.421 -0.424330617713052 0.338592882673458 -6.1135224686529 608.35184031035 600
0.422 -0.0384906145321894 0.35352725394743 -1.35309266253117 609.722653022444 600
0.423 0.149743973086902 -0.401970454208695 3.60227452885571 614.603503808419 600
0.424 0.122208047766108 0.143761619919082 6.88703537982863 609.223901361723 600
0.425 -0.206880995920458 -0.256642164178479 4.91568829893142 610.113827714315 600
0.426 -0.236168769765105 -0.4892675359967 0.223540493288195 600.845063655367 600
0.427 -0.1693410663967 -0.165342868304888 -5.53445828495575 585.322113471698 600
0.428 0.485043206400612 0.372351961982972 -6.04403660563398 608.598722100917 600
0.429 0.016384004178683 0.387988607238949 -3.24929541493368 592.326845682583 600
0.43 -0.00662441243212256 -0.0691348637757392 1.62209849476331 589.184182132155 600
0.431 -0.032705608182703 -0.0079749625378845 5.92903350958896 574.112848828436 600
0.432 0.0497311008715704 -0.395171864523953 5.28891459611149 622.666589995392 600
0.433 -0.1518953331403 0.52452106618701 2.93230050475832 586.709009909244 600
0.434 -0.00603256305867142 -0.132463959316302 -3.29375016705067 576.278973066827 600
0.435 0.0359472361251831 0.374220143426859 -5.6458283192206 620.312860501878 600
0.436 -0.307643774779423 -0.402744636940777 -5.30289474096932 594.901451559672 600
0.437 -0.0825895711981614 0.0614950255961996 -1.5327970922869 596.355948808259 600
0.438 0.411684602188531 -0.192865308562869 3.74043748943877 575.868274517806 600
0.439 -0.224870625637325 0.0286105717541764 4.91658487620934 586.750110980233 600
0.44 -0.172467170142235 -0.23651827746295 4.56250672592389 602.239062967696 600
0.441 0.085693287287257 0.248521404022024 0.319766809834798 609.649554368233 600
0.442 0.338512703813181 0.473553206398282 -3.35428773174542 575.277001137095 600
0.443 -0.217492073353837 -0.360173737952215 -4.91947483772339 618.580828944501 600
0.444 -0.967761236889129 -0.604402139823426 -2.85554513029939 594.353128251638 600
0.445 0.101110503283164 0.258386283253815 1.30530117038858 590.688962114013 600
0.446 0.772379094790158 0.360720358802867 3.64568397146465 578.851274284391 600
0.447 0.280322993493843 0.691346165372378 4.22973824973421 596.889312322266 600
0.448 -0.0982314248836692 -0.698511461700736 2.5203424545065 578.797893930808 600
0.449 -0.0717087236325866 -0.193021162126256 -2.08868785440439 615.436713775053 600
0.45 0.736007442986257 0.201767281329891 -5.40939931464521 602.048618679209 600
0.451 0.0351682028700062 0.375422799088929 -4.32615585982398 615.693095408153 600
0.452 -0.309833540326053 -0.629764237312613 0.729927156057338 625.209824185548 600
0.453 -0.13993830252144 -0.088249435478635 3.21210460338818 583.76092730111 600
0.454 0.0678848342120532 0.79552303731205 5.40957407518763 586.760877911045 600
0.455 0.776105495403311 0.152474645325558 3.15252425229406 620.930403435273 600
0.456 -0.593898594506845 -0.038544141007977 -1.31529833530981 579.308312204165 600
0.457 -0.0750282336281379 -0.745669536530498 -4.57148249851211 588.241133427594 600
0.458 -0.319045764746002 0.0570328560038929 -5.25839109134211 588.926959342867 600
0.459 0.6575394783897 0.207951791272693 -1.20205857514458 618.831994284024 600
0.46 0.270740550888459 0.201399033082517 2.33950428215108 584.451409770975 600
0.461 -0.696485184236644 -0.680880493914231 5.74252289901683 618.884890468765 600
0.462 -0.477560952171163 -0.467885176382816 4.29401607895735 627.982345001621 600
0.463 0.419064421539137 0.437788243148346 -0.0598819401309464 596.530093563445 600
0.464 0.279132775002184 0.787772465179886 -3.90310264075872 608.631421154502 600
0.465 -0.32070763998014 -0.101783407837709 -4.86834818493531 610.869494599671 600
0.466 -0.534537325601845 -0.265699111998462 -1.83314823254163 600.250618018101 600
0.467 0.0962076532409346 -0.339481423825628 1.34565148682895 601.340350501365 600
0.468 0.661381203821551 0.500535698971593 3.45922252641577 581.669923507818 600
0.469 -0.0294410536703412 -0.25459131600533 3.95525565813575 609.018634502696 600
0.47 0.118614067351136 -0.573993399088509 1.15973251090664 614.939557325368 600
0.471 0.174316244625844 -0.156560221911645 -1.61215554754252 602.9040213611 600
0.472 0.176421482998717 0.585420265181673 -4.32930073229972 577.923947071465 600
0.473 0.400238615168961 0.330753657822163 -2.85057108148363 590.217017093303 600
0.474 -0.223634967764125 0.13457949279124 -0.382507301496832 605.711667221294 600
0.475 -0.618401895557284 -0.238602552453116 3.07503805953721 600.997230748695 600
0.476 0.70915498683078 0.393886459437904 3.46658291383029 588.089161741457 600
0.477 0.0797894102237725 -0.165519735684284 2.62560445994073 585.716228632678 600
0.478 0.438119899394111 0.241180585207952 -0.914464538689621 626.793734479725 600
0.479 0.0952379209041454 -0.692252941254244 -3.67455511241694 632.987200296073 600
0.48 0.247593654505479 -0.121295168596167 -3.99187143672961 618.898676726327 600
0.481 0.0613722678536166 -0.237355336077074 -2.01207808440755 613.212382865346 600
0.482 -0.0254934798652971 0.453645372929831 2.21185100797897 590.980416146547 600
0.483 -0.135467250142967 -0.518838640671142 3.94411228773707 598.898375027359 600
0.484 0.115794462455795 -0.0597369064003049 3.61637264691633 586.096763016959 600
0.485 0.199884263056766 0.280757664694615 0.886299001485305 603.287017402272 600
0.486 0.402087004306975 -0.267866044216167 -2.63408069182336 580.51476625342 600
0.487 -0.345307776020595 0.013004577240314 -3.70183182981509 599.154476388507 600
0.488 0.0871573254823881 -0.191399719579193 -3.18475948512891 613.442237352701 600
0.489 0.491374442397941 -0.474253666266946 0.0596503648485036 595.206822788009 600
0.49 -0.875705138047159 0.205650212327003 3.38177040794872 586.26366662031 600
0.491 0.320551121471994 -0.810834942179887 4.28102834262849 577.256030603737 600
0.492 0.259513288471371 0.107063845753968 2.11908061141821 592.863275005523 600
0.493 -0.296662385186555 0.259623956091505 -0.945548247242225 597.85240156515 600
0.494 0.383644611202066 0.0861474773500882 -3.56426975912609 592.70793115768 600
0.495 0.477315986580068 0.334847665368283 -3.56030705884415 588.438045882293 600
0.496 -0.125128725988286 0.357826830843185 -0.866747802478918 593.4083327502 600
0.497 -0.160864011578053 -0.225824007365429 1.52903735963239 585.854912803889 600
0.498 0.0186794826555821 -0.152553896728964 3.65024643714091 594.812261787301 600
0.499 0.509277174087387 0.459880586781698 2.388545231177 604.503009737793 600
0.5 0.221080318783764 -0.0524378292507369 0.215317035046849 592.957010726296 600
