# Fix print output for fix def1
0.00100000000000001 -0.46583185229373 0.211092352574487 0.88265759767151 599.94946325613 600
0.00200000000000002 -0.390398534191069 0.210163827471555 0.842611165418055 584.099377320298 600
0.00300000000000003 -0.38720571108094 0.199757967234406 0.813493397741137 600.354313975912 600
0.00400000000000003 -0.429318683936639 0.189086509203258 0.794008428916951 623.526803805858 600
0.00500000000000004 -0.398448599504202 0.193246417691156 0.802392489404365 623.169249445771 600
0.00600000000000005 -0.629304371547955 0.195054442203653 0.714443546676015 606.61174253127 600
0.00700000000000006 -0.562469255509121 0.20767996369349 0.71882144814373 593.110555173948 600
0.00800000000000007 -0.503368592735335 0.225383440574099 0.727002964780137 575.672772236584 600
0.00900000000000008 -0.496904787032864 0.237324697854255 0.742065042385766 581.397011801801 600
0.0100000000000001 -0.5057891905808 0.253698091168349 0.776643503399931 591.967186482217 600
0.0109999999999999 -0.571703848887719 0.240061261808085 0.760496262101022 620.368368858287 600
0.0119999999999999 -0.563188351092037 0.264597017699588 0.822408418833469 623.099026240878 600
0.0129999999999999 -0.0608168406186868 0.0767799020167018 0.195109867109109 580.582214312906 600
0.0139999999999999 -0.0624032508581296 0.104796501620188 0.186381757845102 590.420896828649 600
0.015 -0.0642900591670024 0.133627560572022 0.17744779114523 615.96998111929 600
0.016 0.4407731245568 0.659658261321676 1.54724029726921 594.726673387064 600
0.017 1.31526714498221 1.34158567898359 3.40989365935276 572.461515134092 600
0.018 -0.115162141085562 0.00173823782241809 0.463925259440022 614.914451525706 600
0.019 -0.10569611825482 0.0076718457030548 0.361629407680391 583.51404887196 600
0.02 -0.113093651835893 0.0135978281591196 0.345874001033105 584.948508203466 600
0.021 -0.122489338226996 0.0200913522039948 0.340530063800443 593.557700428721 600
0.022 -0.153805188702289 0.0204719372161959 0.33947136684795 616.372934369953 600
0.023 -0.145614196761264 0.0390715433394989 0.351179629313242 622.33562423617 600
0.024 -0.109638409277823 0.071466096348369 0.374515520864685 613.460892487253 600
0.025 -0.0666951993407212 0.119773559570726 0.417186493636511 587.219230095318 600
0.026 -0.0423361161361322 0.149714348008602 0.458058445201448 579.064139203364 600
0.0270000000000001 -0.0426550832684586 0.156512651943004 0.495652668280203 589.4800661808 600
0.0280000000000001 -0.0513753466282831 0.161666257412187 0.541833295623438 594.405537827404 600
0.0290000000000001 -0.0589779603414752 0.159719970545655 0.606599726898473 620.183417874803 600
0.0300000000000001 0.0210852992024805 0.229783213381835 0.781180398454298 620.291771457803 600
0.0309999999999999 0.33850511544558 0.693711504706622 2.51379970942694 600.025861865604 600
0.0319999999999999 82211.6829858447 103520.075154354 299092.11077023 719.430372820418 600
0.0329999999999999 26.5537852767419 32.9790001905189 97.9569221733612 586.915889182132 600
0.0339999999999999 179.404685251408 225.387982804353 658.061385093904 590.835484620126 600
0.0349999999999999 32670.2369506409 41187.5409561798 120184.677894111 991.266301297567 600
0.0359999999999999 225.872881787532 286.101825836348 835.208448253902 595.006554288413 600
0.037 81866.243870413 104573.370590386 301414.754999183 338.987222343499 600
0.038 6.04256281611012 7.76943221325398 21.5539600908367 547.680395144035 600
0.039 186.575350829789 240.719996624666 692.279327059852 590.391414403761 600
0.04 918.592787028046 1172.67500157605 3323.02817794155 604.928757755819 600
0.041 114887.999217038 145743.413654932 407674.922166461 956.826039424347 600
0.042 381.361019037725 472.417314872427 1275.64037397438 267.764010445083 600
0.043 0.725339780176111 0.570157874089981 0.587143403176794 590.650080521736 600
0.044 0.784922646539173 0.625690181206172 0.69444364785521 608.423122285373 600
0.045 0.859644990152092 0.696771887221389 0.846635160260678 629.865608880514 600
0.046 0.961311471163242 0.821765649886864 1.10926679536364 613.608575220756 600
0.047 1.09913843010639 0.99551967000692 1.48359293603459 583.850554027899 600
0.0480000000000001 1.28887056543564 1.20411678417561 1.96435239130333 594.34786626142 600
0.0490000000000001 1.57360625876552 1.52026937487336 2.67883232773217 609.839660486626 600
0.0500000000000001 2.03969698784418 2.05036831646466 3.83798082991326 614.978212538539 600
0.0510000000000001 2.89055966827909 3.03566453946482 5.93383603949299 593.683815833499 600
0.0520000000000001 4.71681095425592 5.09639539756418 10.377398686599 589.462584982413 600
0.0529999999999999 9.50674863544794 10.3311803649854 21.260214856941 582.142070192743 600
0.0539999999999999 1078823.74755303 1195919.15684309 2878248.9503066 4.80597595998113e-16 600
0.0549999999999999 6.8009538402786 8.4140871619539 17.0162373055775 607.061599592222 600
0.0559999999999999 20.8053700470913 24.3863455350243 50.8831944541003 624.519491164338 600
0.057 52.8364774619615 59.6945942136544 122.250068377562 592.189402056896 600
0.058 2.67110385627174 3.3335777485241 5.76837199111381 0.000419755220059441 600
0.059 11.4794080994039 13.7904966557661 27.0644331968236 583.586428862903 600
0.06 44.8598725384524 51.8951626865675 100.147863450216 604.049434050289 600
0.061 509153.777255163 597042.698055782 1325108.86624481 6.92376287086285e-11 600
0.062 111.688057741801 128.840054900103 252.114488144414 613.663835527869 600
0.063 350.609329167227 407.477126466573 853.620121799517 596.304462716285 600
0.064 1705.26727570753 2031.57428988647 4422.65967800577 610.47591928291 600
0.065 805.103690205849 970.056528238086 2098.70623938819 590.168814490698 600
0.066 825.875275562001 997.697503586166 2128.77592688518 585.423318304408 600
0.067 4836.58834327303 5255.82762113585 10282.9623624174 0 600
0.068 6026.96693993612 7345.77324777286 15816.9270016132 701.232967332233 600
0.0690000000000001 8.44860162887614 10.6182014462407 23.8378527672272 631.453978017546 600
0.0700000000000001 43.3199129927366 52.9296756365286 111.413088683202 595.851031297461 600
0.0710000000000001 219.877283699229 273.851956884942 593.415135560989 579.778665866006 600
0.0719999999999999 326.164889810201 415.069502457838 916.069505046008 585.683864777852 600
0.0729999999999999 1486.40891432336 1859.44583669313 3936.00711034015 621.519576009997 600
0.0739999999999999 51.5826360885301 64.3535674190743 134.663411933733 626.354844693864 600
0.0749999999999999 1.84665256439908 2.29008506999221 3.37248184252322 0.14086137406475 600
0.0759999999999999 10.573178156827 13.4322598871003 26.777395557442 617.124984070722 600
0.0769999999999999 15.6222704138561 19.806983245432 39.5249262036843 596.291026365847 600
0.078 19.0184040578096 24.1520267830986 47.9881222826669 582.0682447896 600
0.079 18.1045523868329 23.0764084481117 45.4091830326592 581.581951787052 600
0.08 13.5240612888277 17.3468967882264 33.6260785020023 615.213568144086 600
0.081 8.94584348022779 11.5572552592876 22.1045635941339 626.281952813812 600
0.082 5.43010157003365 7.08964630526586 13.2743812743832 595.280766066046 600
0.083 3.48994937984467 4.60378171924697 8.42921143401771 575.255256773 600
0.084 2.39477164503498 3.19978025533994 5.77115853384159 592.653476629156 600
0.085 1.76865124146877 2.40900569082978 4.2878832270696 607.904185258058 600
0.086 8.97260224369023 11.4851423127962 20.5689205310767 626.985450345289 600
0.087 1.2163306037376 1.68696166751646 2.98956148293831 608.169147446641 600
0.088 1.11623595726092 1.48551893178961 2.72243208782807 587.527506911753 600
0.0890000000000001 1.02268028442082 1.24603439231626 2.54109368186027 580.953916970931 600
0.0900000000000001 0.982969939514004 1.13236644144366 2.47166179515251 577.600550531503 600
0.0910000000000001 0.990575370903514 1.13948150664351 2.4949049809059 596.098001123535 600
0.0920000000000001 1.02499869410386 1.18590893703693 2.58162946460954 617.581045558164 600
0.0930000000000001 1.09185962710311 1.27041190121789 2.71108089749613 612.434508561616 600
0.0940000000000001 1.17759736882123 1.37733195080364 2.89018191360339 611.255159493585 600
0.0949999999999999 1.29330668862262 1.51814480810568 3.11246612347778 589.516314798864 600
0.0959999999999999 1.4162746224649 1.66749569622565 3.37036543895659 580.433051940263 600
0.0969999999999999 1.58418689312191 1.66242204890284 3.75497037107845 616.651485330372 600
0.0979999999999999 1.46234810754819 1.51692390346902 3.46564711955701 609.824398315979 600
0.099 1.37256479289521 1.41241920763172 3.25357905602217 596.863825668936 600
0.1 1.2963273702394 1.32306675974381 3.06587630595876 576.852117154812 600
0.101 1.21921035429861 1.22015069698222 2.90082767013397 581.463967692738 600
0.102 1.15014967414969 1.11881670480305 2.75002300222501 592.543410022474 600
0.103 1.07511933806546 1.01066124226902 2.60755115124528 619.479851793358 600
0.104 0.987164404430573 0.936326518443742 2.47175347036415 623.144953166289 600
0.105 0.857626276357044 0.889154051655906 2.32776179070637 607.61143452804 600
0.106 0.753486448636889 0.844429995660539 2.19519817633171 594.975824899697 600
0.107 0.72258034337408 0.814344524084885 2.09259479880882 573.500731587366 600
0.108 0.692690865718231 0.758346103852812 1.99673336544248 585.57566582944 600
0.109 0.655958745037356 0.700798810551333 1.90516570127041 606.780561786084 600
0.11 0.61181633228696 0.648859847721302 1.81588320057989 630.434869212214 600
0.111 0.591778040754158 0.638303133618506 1.74082182717534 618.941404617006 600
0.112 0.588762433176454 0.638184529203668 1.67211633129359 597.571409187301 600
0.113 0.599234784804729 0.640651822252175 1.60940407096775 572.77063785822 600
0.114 0.602029469354599 0.610469043837211 1.54205816841681 579.971487815135 600
0.115 0.611671196988655 0.567966382884814 1.47871241442173 603.053620691383 600
0.116 0.607762428116992 0.534223054177104 1.42087009086624 616.646241414679 600
0.117 0.595678060098156 0.502754774909766 1.36852985957632 626.505148555037 600
0.118 0.596580919773269 0.498592359905543 1.32914680547548 609.521019462769 600
0.119 0.594675323060079 0.495483160819097 1.29473384673666 591.947156059545 600
0.12 0.589563468281901 0.494124451250509 1.26756560120217 573.446226965423 600
0.121 0.564372988562985 0.467574985961953 1.24092392527878 580.149159684782 600
0.122 0.524499359110825 0.421145190143652 1.21363955790445 603.555727984055 600
0.123 0.488179426163239 0.356142590508278 1.17332467140286 615.596367253512 600
0.124 0.450326761058883 0.239179921314101 1.09767275704131 627.013331962294 600
0.125 0.433054426772927 0.205840429335211 1.05747627429226 605.907575135338 600
0.126 0.418127853210225 0.227169839631112 1.05058426452796 582.327768069487 600
0.127 0.397134665567237 0.232229076953908 1.04163364050698 573.840085423139 600
0.128 0.365643787523408 0.211255262156082 1.02562228274473 586.926774766313 600
0.129 0.332359484955979 0.181546427532894 1.00866767878615 609.13943098295 600
0.13 0.30989771007726 0.166551439168623 0.996459705396188 619.732456534723 600
0.131 0.299390081445133 0.172466180801556 0.989155364624994 611.904569518113 600
0.132 0.292381358818976 0.191960422257305 0.983063052329573 587.090162413012 600
0.133 0.278363980587536 0.193941227496639 0.971709543467172 579.759621425125 600
0.134 0.269928563073196 0.191844405554166 0.95981113397946 580.878618224861 600
0.135 0.24793095227871 0.161704231224974 0.937863822739694 603.46315521942 600
0.136 0.229906798424983 0.135598738055741 0.913080620075631 616.034960035658 600
0.137 0.22061370815714 0.121901162781507 0.887720934985118 611.502477404465 600
0.138 0.20942243235347 0.107424410714444 0.859308509308104 604.987204732066 600
0.139 0.207000298346903 0.121187118417462 0.83681147232809 579.21138938388 600
0.14 0.18618816068847 0.120785541395354 0.813441067584334 579.652044141248 600
0.141 0.160818489444823 0.12029404742608 0.793502576374098 586.689141015348 600
0.142 0.130209380159664 0.00335535224278584 0.732648548423193 611.831899525399 600
0.143 0.113722156771472 -0.159864062999562 0.644262551683842 617.962401840548 600
0.144 0.0939529295524937 -0.172514406474579 0.607753467891612 611.685196615078 600
0.145 0.0709161416296706 -0.169681628154674 0.575545052960184 605.156390798226 600
0.146 0.127871600548239 -0.0159863737213263 0.635631310877598 578.510487738605 600
0.147 0.099438619404136 -0.0305695591677004 0.582689932960789 579.284635188169 600
0.148 0.0615110049926928 -0.0642077906348667 0.515009575337015 592.199757762593 600
0.149 0.0231924874790887 -0.0894467290928438 0.446042793626187 617.337083730597 600
0.15 -0.00870312545136616 -0.0936854272908453 0.371126610257394 622.98019551051 600
0.151 -0.0250948163855016 -0.0819703360088616 0.309514159740887 606.0311895607 600
0.152 -0.0270603090045228 -0.0673806477785333 0.26995799799035 584.25810943584 600
0.153 -0.0290701109767146 -0.0623323192915541 0.235799917005308 577.812975303772 600
0.154 -0.0273812430742134 -0.0590498909411009 0.211827231468123 590.176773388071 600
0.155 0.00135413704400645 -0.0239041056613503 0.223310261224012 604.448198896698 600
0.156 0.0709479714017795 0.0576834780790251 0.297437899950471 623.433372095787 600
0.157 0.215632481684409 0.245744446359312 0.467522524861254 607.469407187507 600
0.158 0.417547339217134 0.504833148832527 0.730928182519238 596.842031803137 600
0.159 0.670125185154916 0.83565798320779 1.07384842401373 579.125023191875 600
0.16 0.922313576414896 1.1614193351724 1.43455828781853 591.565532716765 600
0.161 1.1538527703914 1.46434810173358 1.76678445257684 596.105292184666 600
0.162 1.29661669628254 1.6426093273314 1.97268496027346 613.735250147165 600
0.163 1.37910104151731 1.74635886199078 2.070501492363 615.280742282013 600
0.164 1.38118373663353 1.74957195410086 2.04116413727053 608.785015778386 600
0.165 1.34507727849657 1.67291773912162 1.90706005244068 584.979466537266 600
0.166 1.23700227283451 1.52426395210319 1.70467615695917 579.764385239408 600
0.167 1.09488406537041 1.34315402555948 1.47759458311173 583.889866822195 600
0.168 0.947309191914092 1.14628893159676 1.25043717149489 608.604030867302 600
0.169 0.812871467880394 0.972653272196018 1.03948969861676 616.974432171762 600
0.17 0.718245582946426 0.851820451518717 0.882772294073417 614.733194646016 600
0.171 0.649381317469182 0.760954215407888 0.761920594566436 600.322223056289 600
0.172 0.60119863336495 0.689102406855552 0.671561092333298 579.06319245377 600
0.173 0.555961449859279 0.610310177246368 0.597446169329976 579.442360062374 600
0.174 0.52123945958814 0.537899730301099 0.542326071083291 586.46932340584 600
0.175 0.485786457207804 0.458039435371804 0.497783364811394 612.727409530417 600
0.176 0.460414885400536 0.399628027326051 0.463924531740895 617.522910812601 600
0.177 0.466889090718758 0.389731891264 0.45575304544527 611.322329284521 600
0.178 0.463494419466126 0.37476714270904 0.454467355677696 604.901679315405 600
0.179 0.46053384686822 0.370611732936288 0.461960586751392 579.445047539121 600
0.18 0.429003178818984 0.358325366583029 0.457589629701259 579.809310072001 600
0.181 0.38473035293465 0.355604404995599 0.443843063703636 584.246372942268 600
0.182 0.3198249089138 0.265298870220589 0.394330925704042 608.656308329689 600
0.183 0.278394515852409 0.142691611352733 0.344604445983712 616.839381262047 600
0.184 0.248201161547922 0.10737691120746 0.330611837720591 613.953679622203 600
0.185 0.215751268869157 0.108660424395422 0.330937184039165 601.494604088239 600
0.186 0.174672691675507 0.113448622477259 0.329414089888261 579.536075688037 600
0.187 0.110001334715804 0.0978356912029037 0.31773232992901 579.58535148718 600
0.188 0.113784564123212 0.0787623419396059 0.312830888148335 589.207033667529 600
0.189 0.121257605019544 0.0458060176685485 0.300602373425295 619.159673310081 600
0.19 0.137056605033485 0.0356952701766316 0.299346437129091 622.930618535337 600
0.191 0.0889022524383221 0.0138381187799012 0.282435184330032 620.106531898092 600
0.192 0.0965982002931648 0.0384058923968046 0.285676297192821 583.911276861369 600
0.193 0.125853584847177 0.0641406716419416 0.295829598768357 575.517669064295 600
0.194 0.128021817054302 0.0766289312525254 0.299176347203751 585.621362037676 600
0.195 0.109058235955329 0.0788981120228088 0.301381826188649 606.268556328714 600
0.196 0.0852027515122133 0.0851189709153523 0.301320024982543 612.984201694968 600
0.197 0.0522693947176934 0.0814470756512838 0.3025598557044 624.012591783313 600
0.198 0.0137689448062288 0.0885139285260819 0.29780886752441 599.530156326896 600
0.199 -0.016956396281031 0.0874266198772445 0.29147671677086 584.747568300267 600
0.2 -0.0590102941975526 0.0823674491817427 0.277271115498573 572.832309092452 600
0.201 -0.0591183230504715 0.0406730795143941 0.27908865517962 592.292790216808 600
0.202 0.0855394323663338 -0.0331126192398262 0.31260620363737 612.704006104359 600
0.203 0.0705302344212791 -0.0522131439412505 0.289354659818714 618.860602093832 600
0.204 0.0381061886722907 -0.0482421239975572 0.265598907575878 611.953733641595 600
0.205 0.028607995637688 -0.0206400458302259 0.255942071919356 582.192793551449 600
0.206 0.0117631135386067 -0.0093724585964254 0.248100906586563 579.866319926217 600
0.207 -0.00070299988094185 -0.00372510832916111 0.244901479469005 586.757031688612 600
0.208 -0.0104256312386172 -0.0134443404773572 0.243177019458302 614.385017066426 600
0.209 0.00362320177629832 -0.00999429996407662 0.244688816430211 620.789817301034 600
0.21 0.0234134337737029 -0.00416938395342175 0.254738029613629 615.392520685295 600
0.211 0.0559753066463181 0.0296921390600179 0.267806744710294 581.305829963221 600
0.212 0.0862733183893313 0.0418749882321591 0.276710191898008 578.803605487102 600
0.213 0.123569076160632 0.044179122864869 0.288243669463198 589.788425482701 600
0.214 0.159511297534061 0.0546859426699796 0.302354561613329 598.068284670426 600
0.215 0.182617190500231 0.0637451500407881 0.315013876091004 620.742703226845 600
0.216 0.210701807650381 0.0983120751577063 0.327246619890951 620.051923777771 600
0.217 0.2566509031992 0.158229412773511 0.359210436102997 601.10858663116 600
0.218 0.311034658444283 0.234750991978156 0.401036811959654 573.693401419825 600
0.219 0.35528516903357 0.298739419159255 0.444344769237943 579.428488288236 600
0.22 0.399785977474749 0.372072468505688 0.496192370013013 602.350788266874 600
0.221 0.456351003328347 0.476970402913317 0.56297085962331 618.805043663065 600
0.222 0.529483752756514 0.624050030284427 0.645305897387682 624.565850082742 600
0.223 0.600736475487248 0.787563638220393 0.714277673376079 608.53541732294 600
0.224 0.678834470840122 0.967430625957903 0.781989694407678 586.607981550174 600
0.225 0.726889312454882 1.093406709894 0.837877464804294 569.75170925085 600
0.226 0.706388300514433 1.0881456644346 0.854763949178548 583.319433962923 600
0.227 0.612977324722918 0.944183871609975 0.776522541756982 606.083696935118 600
0.228 0.487226425801483 0.745524158956118 0.668850970170943 613.349570407763 600
0.229 0.357747241636464 0.55573098124639 0.567597500062925 624.629567466453 600
0.23 0.284949518298 0.43769878121121 0.484620796051977 601.641048649877 600
0.231 0.251726689002779 0.420673639810902 0.400808646349874 586.023645612528 600
0.232 0.22117068797455 0.414494289957968 0.326938558705565 571.235132183543 600
0.233 0.178567604808695 0.373969687993237 0.257996575407239 583.203520201247 600
0.234 0.123195570021557 0.267468278472653 0.19342981439222 605.231638790176 600
0.235 0.0679236767208588 0.126848334408946 0.137884002250822 614.115285149388 600
0.236 0.0396447398202149 0.0777234269153086 0.0937764281369077 624.356457000637 600
0.237 0.129790634188269 0.0213093016852834 0.161356015551948 601.886906900892 600
0.238 0.1092504602932 0.024116985902436 0.120068722377397 586.583943409609 600
0.239 0.0909850513691189 0.0277903742440161 0.0891617288903103 570.19999652121 600
0.24 0.07170816405017 0.00397478727092918 0.069420785848772 584.410767779324 600
0.241 0.0545869882519939 -0.0230486621437547 0.0546928013357421 606.301275430585 600
0.242 0.0508699066602497 -0.037126770251188 0.0475879152494104 614.388905734399 600
0.243 0.0544685414703137 -0.0478129935727769 0.0455378955346712 624.673063309022 600
0.244 0.0790708346528512 -0.0328276888179232 0.0560092028091033 601.129956430154 600
0.245 0.0530536972065674 -0.0275774234572483 0.056968597636138 585.980778772713 600
0.246 -0.0497196293638922 -0.0317965886706084 0.0392935221141425 570.862262208081 600
0.247 -0.0849226311016378 -0.0414156096613972 0.0419535734682762 583.433706463933 600
0.248 -0.0971393596624537 -0.0501009062690816 0.0603791746976951 605.954013359143 600
0.249 -0.104521978968304 -0.0469524401650118 0.0909422323379702 614.248943076056 600
0.25 -0.110119380685963 -0.0393077684836426 0.07300761318836 621.163584166439 600
0.251 -0.10086858391785 -0.0190931580569254 -0.000295622626355802 600.664655582129 600
0.252 -0.0921743700520169 -0.00905335953342015 0.0187205138127777 585.156563585831 600
0.253 -0.0853411312218836 -0.00141656672771067 0.0292746764024404 573.681375098783 600
0.254 -0.092642219405261 -0.0106298412097146 0.0264300582140741 586.705946672656 600
0.255 -0.105308568095769 -0.0251816685221312 0.0211631238498798 607.415852441335 600
0.256 -0.109183159257367 -0.0296916732865753 0.0184672968960172 613.449258510849 600
0.257 -0.118139523384352 -0.0356917668660557 0.015607102992458 621.445872163273 600
0.258 -0.113264799338861 -0.0228810755269789 0.0187068177249631 598.739025898276 600
0.259 -0.113932375362689 -0.0164173678503665 0.0191292761672506 584.662544569307 600
0.26 -0.115911177292889 -0.012601751887218 0.0184319786254294 571.812779128201 600
0.261 -0.129761617770771 -0.0269267151356932 0.0110551242605912 583.15650079487 600
0.262 -0.152442892423148 -0.0536314294562005 -0.00179302704371924 613.220876807849 600
0.263 -0.158922244722884 -0.0617217793357482 -0.00977999233904942 617.408507994194 600
0.264 -0.165943640929093 -0.0600652442256357 -0.0165059005357717 613.293853901169 600
0.265 -0.163223713506142 -0.040171003574647 -0.0199911946487352 586.834816861891 600
0.266 -0.169315789215835 -0.0285412819820019 -0.0280772472607404 580.00878832426 600
0.267 -0.178378718007434 -0.0175424310530616 -0.0327067321738259 581.803586920513 600
0.268 -0.194285732086845 -0.0158057755090335 -0.0353376476002786 601.826361869918 600
0.269 -0.207417487722909 -0.0228737796396423 -0.0441324655361244 617.191508333251 600
0.27 -0.205790428192659 -0.0351506061972621 -0.0630910413893999 609.635991719252 600
0.271 -0.211067892873098 -0.0601643793326203 -0.0942112818443643 606.66264474649 600
0.272 -0.207540858501509 -0.0588105398926578 -0.117126811012521 581.885386296851 600
0.273 -0.212224705273563 -0.0519234112241427 -0.136721631533675 580.059338233925 600
0.274 -0.219785292337046 -0.0429638744517866 -0.153295074125927 589.517464168607 600
0.275 -0.232479758678388 -0.0498753977480467 -0.172836063587799 616.718011346503 600
0.276 -0.236869326430003 -0.0599113978452992 -0.189297142598508 623.185904317861 600
0.277 -0.209924203893145 -0.0657853111164323 -0.17411290441732 608.596937595854 600
0.278 -0.157902436853605 -0.0767225953252707 -0.128007474637518 597.029176543752 600
0.279 -0.144878331160186 -0.106995762447743 -0.137890112396324 576.933971772562 600
0.28 -0.153309524687267 -0.150138727313946 -0.166966197158093 581.069546028777 600
0.281 -0.163921170597158 -0.185355476019074 -0.191686329807032 593.785289929465 600
0.282 -0.182771034411734 -0.222084760087318 -0.215502704569282 618.928413490772 600
0.283 -0.190237444296711 -0.234441094666136 -0.226913355088947 623.056121879825 600
0.284 -0.180568604489521 -0.213991541591485 -0.219625709584229 604.704915536653 600
0.285 -0.169340823425443 -0.193544261766464 -0.209271327108536 591.306184246467 600
0.286 -0.148254007136155 -0.163865934418054 -0.189622333576319 572.972593442865 600
0.287 -0.129600836122706 -0.146220933404505 -0.173895548509513 583.102112124606 600
0.288 -0.115347400309058 -0.130773300213053 -0.16181817174014 601.991582941567 600
0.289 -0.117462366413656 -0.122286850097056 -0.158799254535842 626.635704841268 600
0.29 -0.137248899990788 -0.104714269620019 -0.160643667253808 620.413785209235 600
0.291 -0.173374616175691 -0.0866008693250428 -0.167294320056276 601.486161262333 600
0.292 -0.216665560144144 -0.0734838503298441 -0.180838965179254 589.613102960548 600
0.293 -0.234428719119951 -0.0440788997129164 -0.182546878528434 574.510525052524 600
0.294 -0.224549473934548 -0.0109675749187655 -0.175328713117224 584.858366004835 600
0.295 -0.194004177605037 0.0276064459556574 -0.16075456433695 600.211028381248 600
0.296 -0.165107923556489 0.0495895146508395 -0.149471544631983 623.628356977415 600
0.297 -0.112062274657558 0.0659650304331137 -0.126480926364321 622.631244978531 600
0.298 -0.0951021638644079 0.0535770618262788 -0.110319537315019 605.297252964746 600
0.299 -0.112366161291104 0.0291295961812214 -0.106649190668766 593.323769700115 600
0.3 -0.145062961304747 0.0318031100904237 -0.107700311712908 574.375158688223 600
0.301 -0.160148096541331 0.0599456768215845 -0.104330771615671 583.058086081675 600
0.302 -0.146095353372085 0.0597680325881669 -0.0873467417582019 600.327179480929 600
0.303 -0.138772371238384 -0.0253462041761403 -0.0750915409777629 627.488335675064 600
0.304 -0.126805737353057 -0.134800256395839 -0.0586558815720392 622.557335534352 600
0.305 -0.114162557008684 -0.189899032162204 -0.0421561580642787 603.987422007857 600
0.306 -0.102100071344341 -0.201118508777667 -0.0276332914531432 592.340422034423 600
0.307 -0.0869376387787418 -0.18778698164503 -0.0115915130520951 573.097582864776 600
0.308 -0.0801307039636911 -0.185668776054707 -0.00238107254537392 585.838221549501 600
0.309 -0.0774205484271083 -0.186876057379226 0.00469534119674552 607.641253531389 600
0.31 -0.0805277921460434 -0.189209946905665 0.0115910037595179 628.448088708219 600
0.311 -0.086212879861714 -0.179950477169004 0.0228820522360595 622.944839472646 600
0.312 -0.0915399764942893 -0.168325954771291 0.0365651849576264 607.433115748081 600
0.313 -0.0769809504501135 -0.140948069223572 0.0554518035460934 578.494418902955 600
0.314 -0.0615519498603991 -0.123616222069025 0.0693491122296135 577.157438134653 600
0.315 -0.0534994834373173 -0.117535313405786 0.0784650727941295 593.387385520384 600
0.316 -0.0476243814651505 -0.112014025460829 0.087468306443286 608.456755562321 600
0.317 -0.0442469439613915 -0.106520356908246 0.0948453474020267 626.581427793475 600
0.318 -0.0310302320100035 -0.0730341836775346 0.107796488179195 610.791232897284 600
0.319 -0.0184217191271822 -0.0246774578703613 0.120477713239079 594.902608582704 600
0.32 -0.00300445007905235 0.0404584340204787 0.133143898401086 573.037246418855 600
0.321 0.00750159096654473 0.101752618044283 0.138645578892526 580.547071723245 600
0.322 0.0227342698006672 0.167149634597946 0.143670651417449 602.318107175685 600
0.323 0.0514789006158907 0.190879009087225 0.156603548492808 624.012788671502 600
0.324 0.105771304470174 0.136991798735404 0.171627311446732 619.341426805967 600
0.325 0.116857473314989 0.0883857653832668 0.219578769336472 600.594637971138 600
0.326 0.141518985329294 0.0436242585272914 0.233786405311613 582.222586564287 600
0.327 0.181154573719198 -0.00526807702109595 0.215038971683332 579.815687463163 600
0.328 0.20081407177051 -0.0273329588421979 0.201823440402239 592.340304880864 600
0.329 0.210786392098994 -0.0435449901094044 0.190944796825286 616.56640822733 600
0.33 0.223543631613228 -0.0474792291781807 0.185831025495285 621.822157784745 600
0.331 0.242112000777472 -0.0390938570769883 0.185620226684831 603.833089245211 600
0.332 0.258427957339462 -0.0317642244379305 0.182560077178515 586.509510108075 600
0.333 0.274341863926821 -0.026976135588102 0.178609622549332 572.819887513164 600
0.334 0.280210090687096 -0.0377237713124408 0.168200344190943 590.772318306686 600
0.335 0.282719647984291 -0.0492383079966762 0.160717111220318 612.205141897142 600
0.336 0.283930892518993 -0.0574559388090595 0.157640656795549 627.46526644502 600
0.337 0.291005864748909 -0.0508372980962314 0.162468459976995 609.835238054727 600
0.338 0.295576211482922 -0.0444323014150817 0.164886654580373 587.488528679681 600
0.339 0.294750887173075 -0.0493706624154391 0.160773554545846 582.983629912093 600
0.34 0.289460130659931 -0.0620999754723356 0.15207020767516 590.078712663603 600
0.341 0.277856161575149 -0.0856414300819933 0.137362481029749 617.974141025465 600
0.342 0.272535024157938 -0.0974378160360938 0.129846859817331 620.655498333594 600
0.343 0.269995644314752 -0.104536367152974 0.1258357441609 613.924763513912 600
0.344 0.275080896719484 -0.0973212518590874 0.130736103215831 579.405935696587 600
0.345 0.271664009000288 -0.103561531245578 0.127515881537304 578.104827685203 600
0.346 0.265449169295289 -0.115833075726711 0.121103699465967 595.366185138397 600
0.347 0.262026787410312 -0.12220371246132 0.118021950549868 607.404482159078 600
0.348 0.25841123404294 -0.127546490515374 0.115320196389752 624.703820584087 600
0.349 0.26451570744369 -0.114969996779381 0.124893618894674 610.603493776086 600
0.35 0.272173615036486 -0.0982463332484802 0.137847440223831 590.672694409851 600
0.351 0.278579897335538 -0.0820892154324526 0.151644674593975 573.561051661713 600
0.352 0.275957706806885 -0.0773951037958971 0.159398694963649 581.556232384095 600
0.353 0.266901891769258 -0.0805544247671851 0.166091398591605 605.569164568339 600
0.354 0.253775974982009 -0.0720575814213439 0.17218771319647 612.613876116041 600
0.355 0.223266656072079 -0.059773682472236 0.161438569131702 621.688314854531 600
0.356 0.186611913762111 -0.0483379033849938 0.138687633345472 596.388138863513 600
0.357 0.152839646003939 -0.0559168497977985 0.107819425295829 583.92600988964 600
0.358 0.136996790048559 -0.0664638613626355 0.0936211611634061 578.440196458187 600
0.359 0.120931521900153 -0.0908856900783477 0.0714746267511671 603.972522280623 600
0.36 0.105845282426799 -0.120896089080468 0.031910965465879 616.055618237232 600
0.361 0.0930777690035513 -0.135444982198986 0.0177209525602492 625.885886002103 600
0.362 0.0926974593726041 -0.126268719118903 0.0325617885936316 598.04394859814 600
0.363 0.0872991917315647 -0.119120253264617 0.0485478008366828 582.562573129819 600
0.364 0.0751593198883958 -0.113100443556555 0.0618587562355579 578.634644667208 600
0.365 0.0533624955671036 -0.107534692190577 0.0659686888491388 593.639588284384 600
0.366 0.0251391126104789 -0.0975936813144933 0.0618242131747749 614.165268668647 600
0.367 -0.00379405033689978 -0.0747522190009194 0.0509870528356983 613.281579480869 600
0.368 -0.0387259728328738 -0.047795751225124 0.0210095633621575 608.527442623525 600
0.369 -0.0678250469497901 -0.0090654425124908 -0.0142270946010145 583.204041850964 600
0.37 -0.08226438550166 0.0815355507339157 -0.0262412298167512 580.324979143079 600
0.371 0.0188883609201809 -0.265257738221957 0.0713755410403158 609.946744885426 600
0.372 0.0178000797927918 -0.27336153660817 0.0658487676939987 614.196355963049 600
0.373 0.0231495686330514 -0.294147613884181 0.0654319330429693 615.999256780264 600
0.374 0.0341622200664963 -0.311011009311635 0.0673016198352407 583.985794053901 600
0.375 0.0389393536115067 -0.348498565534758 0.0636573944514354 584.593523431117 600
0.376 0.036719988863819 -0.35894597870835 0.0566746596068426 589.927678593508 600
0.377 0.0305268302169426 -0.363149262520765 0.0435052328186373 618.004581899646 600
0.378 0.029762536750833 -0.337707003542495 0.0289576428451678 621.447076679098 600
0.379 0.029497559779648 -0.301261055689883 0.0130728437422573 616.515790379522 600
0.38 0.0346814174081459 -0.251698141888842 0.00182332437152682 588.79222431698 600
0.381 0.0418896985462503 -0.220255613003978 -0.0082713877094439 579.649918092496 600
0.382 0.0499234441722082 -0.203467754355463 -0.0172136208100081 581.786197953179 600
0.383 0.0690572889028441 -0.204668505314694 0.0136405502664654 607.688871337024 600
0.384 0.0736353075494734 -0.208101747054189 0.00111340977180725 615.870764734623 600
0.385 0.0764874750362937 -0.213535903930561 -0.0099627303345063 614.310697243436 600
0.386 0.0776858404048469 -0.223161965931511 -0.0189845398572716 614.011664524848 600
0.387 0.0815380746226116 -0.223232030255658 -0.0230577192951883 588.2067688298 600
0.388 0.0821780230031819 -0.239281735199207 -0.028099267734086 579.897847507351 600
0.389 0.0802065520770827 -0.257599517314477 -0.0331812264702604 576.907321078161 600
0.39 0.0713335008010866 -0.299241367299912 -0.0428090350273051 609.816828287883 600
0.391 0.0613995886495981 -0.324964557803421 -0.0491072129991236 620.073879704829 600
0.392 0.0505895968713143 -0.337019069121311 -0.0524178830582554 610.223959140783 600
0.393 0.037777243758436 -0.338138504836812 -0.0531266988868691 594.139233315091 600
0.394 0.0261512766403277 -0.324757379798227 -0.0384708572369468 573.495450277661 600
0.395 0.0105063002136435 -0.336331916126285 -0.0303973983688688 589.994070367407 600
0.396 -0.00457272684281217 -0.349776302283376 -0.0252741535661072 607.924985771133 600
0.397 -0.0186506843176279 -0.339387918107654 -0.0240738511292965 628.571354854345 600
0.398 -0.0292068220261454 -0.314073012930882 -0.0233113757796092 617.102301860027 600
0.399 -0.0380604837899765 -0.295021504233196 -0.0226477934912393 590.476007667942 600
0.4 -0.0459067104001457 -0.296066785837684 -0.021449107536934 588.527963291959 600
0.401 -0.0478920608501738 -0.287676160301662 -0.0147661904146917 584.183957367036 600
0.402 -0.0495192618980749 -0.293625005996588 -0.00946808764674003 609.941685087006 600
0.403 -0.0510991425334681 -0.297986490503621 -0.00490500571901384 620.880332501127 600
0.404 -0.0685538779377344 -0.314428263435745 -0.0593734905457043 620.607011536685 600
0.405 -0.0696243858257923 -0.316283437587304 -0.0626656923109116 602.333169789561 600
0.406 -0.0670645630493324 -0.31787708395513 -0.0637018051377827 583.289183914039 600
0.407 -0.0631388814610973 -0.328400110871532 -0.0650837718394488 585.673358373496 600
0.408 -0.0595850007701215 -0.342821676747208 -0.0679037790831291 589.086400185724 600
0.409 -0.0575602539359633 -0.36944464738159 -0.0737314734119492 613.768591931799 600
0.41 -0.0540922215606881 -0.382763459710888 -0.0793949232999858 621.624308759767 600
0.411 -0.0496303050315242 -0.38680360727003 -0.083203276432778 619.872675532993 600
0.412 -0.043361921106253 -0.375986201760996 -0.0832299357924248 599.4697908214 600
0.413 -0.0370014781593679 -0.367467577408375 -0.0794307504655292 583.851664961729 600
0.414 -0.0295135951556911 -0.364066511156883 -0.0675410959387979 584.531975080369 600
0.415 -0.0202926826389596 -0.366043028741422 -0.046293124613341 589.830469189175 600
0.416 -0.0103111291995479 -0.380484711127682 -0.0178440002248447 614.495543431196 600
0.417 0.00275744074374627 -0.381077022933233 0.0190835884530097 621.398238144242 600
0.418 0.0161766595789104 -0.375978159041833 0.0557023667142187 619.749302591409 600
0.419 0.0296333876452621 -0.352975005412045 0.0882786099727895 591.265234979835 600
0.42 0.0380208141906879 -0.343865195362997 0.108593809877529 582.282499783533 600
0.421 0.0490933082856632 -0.333762502141614 0.121204909152084 611.512290682648 600
0.422 0.0474966916202981 -0.353307400468641 0.118831648921453 621.041220114955 600
0.423 0.0485379130314944 -0.350219507826148 0.119054973988898 612.793158713248 600
0.424 0.0478674991013489 -0.322248831445639 0.116839797681933 602.163135798738 600
0.425 0.0475945273856721 -0.173690192645301 0.113897966515705 577.211841221768 600
0.426 0.0419472785756732 -0.121249692741581 0.10574748733002 582.069548038811 600
0.427 0.0321139719590343 -0.247230122939796 0.0951478966872891 601.207460569353 600
0.428 0.0217069180395981 -0.34217271455955 0.0820923897834791 629.758239091777 600
0.429 0.0172165702894768 -0.357092783361086 0.0733087095502881 621.646604295233 600
0.43 0.0156349641329357 -0.338013946034744 0.0654414163827352 595.435971698457 600
0.431 0.0135666063584774 -0.325782886302595 0.0548185105518509 582.96633443037 600
0.432 0.0114974704013346 -0.313776030448923 0.0422349504941186 575.866936013179 600
0.433 0.00689585347431563 -0.308723337496785 0.0253231810407259 594.180311593163 600
0.434 0.00103127643997589 -0.281636970724142 0.00549136627402625 616.085905930591 600
0.435 -0.00576809559533023 -0.210310029038513 -0.0167977147452054 627.975454430542 600
0.436 -0.0124965284197559 -0.108425529881933 -0.040167559753747 601.925356814445 600
0.437 -0.0260376346130736 -0.0389217348686184 -0.0700933853438048 584.909710520169 600
0.438 -0.0474346857422878 -0.0164481991858342 -0.106975863424722 582.271918484898 600
0.439 -0.0754158393139139 -0.0859373943016253 -0.150714662615585 596.981184487414 600
0.44 -0.100471353024509 -0.199496193635217 -0.170835971767176 622.820647882742 600
0.441 -0.114814886903914 -0.279007055812187 -0.18378664547515 619.198217401634 600
0.442 -0.120686292186391 -0.323185733282807 -0.192000671506682 604.655881635198 600
0.443 -0.122295864083082 -0.338487456892606 -0.192879251333844 578.425848800666 600
0.444 -0.127534289358373 -0.351003539394304 -0.19035601354595 577.284045649917 600
0.445 -0.136685867561829 -0.363941912642375 -0.189807717580527 593.789502754907 600
0.446 -0.145942829430732 -0.371317229471547 -0.188220698738485 609.110533154191 600
0.447 -0.150648707868348 -0.374700313041531 -0.18025489939933 625.290539469877 600
0.448 -0.150932492198354 -0.353907402695549 -0.161262764796725 601.443235490008 600
0.449 -0.147931118807228 -0.334924442052197 -0.135545497624571 585.263133026876 600
0.45 -0.141056120431846 -0.317931934076283 -0.0991541030477204 579.423119472531 600
0.451 -0.134151898836641 -0.308423394367531 -0.0621888163795626 589.469769770223 600
0.452 -0.130061503458058 -0.30783040671556 -0.0286988996447314 614.109081007047 600
0.453 -0.125083864909586 -0.300985364672779 -0.000845654835357009 620.223373482378 600
0.454 -0.119873165566115 -0.291728955838996 0.0175439468125718 615.497615970229 600
0.455 -0.107460445872417 -0.268199135637904 0.0298149622658671 588.843530140687 600
0.456 -0.0985069386985135 -0.255203220094598 0.0339826680887441 578.391156968167 600
0.457 -0.0944148576668573 -0.253271659629327 0.0325050021818951 579.647966445338 600
0.458 -0.0961474785220896 -0.269201494753187 0.0241892910707924 611.990980763857 600
0.459 -0.0932630555404347 -0.27249269031513 0.0184498674412841 620.938256966551 600
0.46 -0.0858727119248323 -0.264630574979761 0.0170825228968473 611.983812198555 600
0.461 -0.0735221986267412 -0.245009749112653 0.0220699559886728 585.76836949439 600
0.462 -0.0624276113849147 -0.23477818555443 0.0289631771540011 582.964703952473 600
0.463 -0.0505138606898153 -0.223774249060821 0.038183058772102 585.136666711452 600
0.464 -0.0419001052557675 -0.219046961451515 0.0435544652170676 605.326839283155 600
0.465 -0.0338274671480344 -0.205370195723975 0.0452964297440388 615.713074722797 600
0.466 -0.0278562382035345 -0.189553660391465 0.0440575835199528 627.828428923379 600
0.467 -0.0164972245383529 -0.149287619522538 0.0520076824063824 599.650405292063 600
0.468 -0.0064696131934961 -0.116713412406772 0.0668513436830651 585.298281335558 600
0.469 0.00333367068341035 -0.0873862428656335 0.0808857003086031 574.17224808806 600
0.47 0.00857772466389226 -0.0784908172687896 0.0849684890891681 588.183503540924 600
0.471 0.0104970177398132 -0.0837492992289506 0.0828149997534764 613.501992411065 600
0.472 0.0136563514573738 -0.0816508087044155 0.0808782254496023 611.541980191979 600
0.473 0.0125999227231386 -0.0888615056297664 0.0756488966875398 616.977426681231 600
0.474 0.0115590163447851 -0.0814601689323249 0.0695223552520834 593.421558157446 600
0.475 0.00486588421785239 -0.0788739110274219 0.0567367944064289 579.048089278666 600
0.476 -0.00748966300635758 -0.0854329247830891 0.0366559502416403 579.219758842638 600
0.477 -0.0243542215098 -0.105181081327482 0.0111102569282837 601.105466331062 600
0.478 -0.0395791211649545 -0.121854104647034 -0.0127677515891574 616.628901994888 600
0.479 -0.0497716736309364 -0.126248257559443 -0.0310425529104332 610.498638048208 600
0.48 -0.0554302075033986 -0.125169750315196 -0.0413308740172728 597.769782507686 600
0.481 -0.0546612207407584 -0.117441369184081 -0.0385320412852515 579.024562369717 600
0.482 -0.0515360715249669 -0.118826653220428 -0.0273015629659095 582.262616163158 600
0.483 -0.0401039554139997 -0.118656146793899 0.00586564640908748 594.305782240426 600
0.484 -0.029376755430055 -0.124760765817414 0.0365920319341737 621.299642362016 600
0.485 -0.0156898510301671 -0.115520051959281 0.0680451221904113 622.92263308025 600
0.486 -0.00589695178131747 -0.0962223013651322 0.0985938261502041 608.378587478947 600
0.487 0.00778381735272134 -0.0761755347951563 0.13610725139966 596.598165881227 600
0.488 0.0360077996867138 -0.0502312036280256 0.182809972603882 576.007628557812 600
0.489 0.0546914940971208 -0.0413950140769148 0.20751756239846 581.302299355685 600
0.49 0.0640107242542398 -0.0392523118729615 0.205352334164653 591.808486180936 600
0.491 0.0649974425669195 -0.0467535804603146 0.180344025217648 619.713149680047 600
0.492 0.0682943434681233 -0.0401145733334819 0.148661180640804 623.120808375084 600
0.493 0.0780324160670282 -0.0195810770796479 0.122210503671608 608.348820174794 600
0.494 0.0936220227084025 0.00788844061751992 0.107894829545636 596.620608194282 600
0.495 0.117061570637327 0.0488263876533977 0.106751427853446 576.406150642436 600
0.496 0.138764937576362 0.0828555270232721 0.107131570421128 581.541782594484 600
0.497 0.160451689461043 0.114604166174175 0.11027736932198 592.597366851481 600
0.498 0.165784226461899 0.127399676758326 0.108412091053409 620.018880876829 600
0.499 0.169043450993738 0.145416502665652 0.120913064859234 623.024826272584 600
0.5 0.187882124282101 0.20258978731065 0.16741561396871 609.257962146661 600
